# PackageID; Layer; Column; Row; TS; TS1; TS2; TriggerTS; TriggerID; ext. TS; ext. TS2; FIFO overflow
38	2	38	160	345	-1	81	21267119104	49436	21267120473	10387921	0
39	4	28	137	905	-1	105	21313235968	6418	21313235849	6171625	0
39	4	29	138	903	-1	117	21313235968	6418	21313235847	6171637	0
40	2	130	261	851	-1	70	21423397888	60208	21423398739	15671238	0
40	2	130	263	851	-1	85	21423397888	60208	21423398739	15671253	0
42	1	98	352	470	-1	11	21620718592	25484	21620720086	11665931	0
42	1	98	353	463	-1	31	21620718592	25484	21620720079	11665951	0
43	3	80	185	817	-1	64	21758813184	27377	21758815025	15543232	0
44	3	15	192	949	-1	92	21942121472	51347	21942122421	14301148	0
44	3	15	193	949	-1	92	21942121472	51347	21942122421	14301148	0
44	3	15	7	949	-1	126	21942121472	51347	21942122421	14301182	0
44	3	15	5	949	-1	19	21942121472	51347	21942122421	14301203	0
44	3	15	6	949	-1	24	21942121472	51347	21942122421	14301208	0
44	3	15	4	949	-1	4	21942121472	51347	21942122421	14301316	0
44	3	15	3	949	-1	124	21942121472	51347	21942122421	14301308	0
44	3	15	2	949	-1	124	21942121472	51347	21942122421	14301308	0
44	3	15	1	952	-1	121	21942121472	51347	21942122424	14301433	0
44	3	15	194	949	-1	92	21942121472	51347	21942122421	14301404	0
44	3	15	195	949	-1	92	21942121472	51347	21942122421	14301404	0
44	3	15	259	949	-1	92	21942121472	51347	21942122421	14301404	0
44	3	15	260	949	-1	93	21942121472	51347	21942122421	14301533	0
44	3	15	261	949	-1	93	21942121472	51347	21942122421	14301533	0
44	3	15	262	949	-1	93	21942121472	51347	21942122421	14301661	0
44	3	15	263	949	-1	93	21942121472	51347	21942122421	14301661	0
45	4	68	252	153	-1	113	22039886848	33548	22039888025	11403505	0
46	1	56	59	12	-1	51	22153829376	23648	22153830412	7905331	0
46	1	55	59	8	-1	48	22153829376	23648	22153830408	7905456	0
46	1	56	58	7	-1	58	22153829376	23648	22153830407	7905466	0
46	1	55	58	2	-1	70	22153829376	23648	22153830402	7905478	0
48	4	79	58	187	-1	15	22272209920	15915	22272210107	8844559	0
48	4	79	57	183	-1	25	22272209920	15915	22272210103	8844569	0
50	1	70	274	987	-1	110	23035151360	60765	23035151323	33774	0
50	1	69	25	986	-1	110	23035151360	60765	23035151322	33774	0
50	1	69	272	986	-1	110	23035151360	60765	23035151322	33774	0
50	1	70	276	986	-1	15	23035151360	60765	23035151322	33807	0
50	1	69	275	986	-1	13	23035151360	60765	23035151322	33805	0
50	1	70	275	986	-1	23	23035151360	60765	23035151322	33815	0
50	1	69	274	985	-1	34	23035151360	60765	23035151321	33826	0
50	1	70	277	987	-1	18	23035151360	60765	23035151323	33938	0
50	1	70	278	992	-1	15	23035151360	60765	23035151328	33935	0
50	1	69	273	985	-1	60	23035151360	60765	23035151321	33980	0
50	1	70	279	999	-1	17	23035151360	60765	23035151335	33937	0
50	1	108	311	612	-1	81	23036957696	61647	23036959332	1841873	0
50	2	61	299	602	-1	78	23036957696	61647	23036959322	1841870	0
50	2	60	298	600	-1	78	23036957696	61647	23036959320	1841870	0
50	1	108	312	624	-1	79	23036957696	61647	23036959344	1841871	0
50	2	60	299	597	-1	87	23036957696	61647	23036959317	1841879	0
50	2	61	297	594	-1	104	23036957696	61647	23036959314	1841896	0
50	2	60	300	600	-1	85	23036957696	61647	23036959320	1841877	0
51	3	74	15	746	-1	30	23048631296	1811	23048632042	13514526	0
51	3	74	16	742	-1	83	23048631296	1811	23048632038	13514707	0
51	2	37	25	175	-1	123	23050892288	2915	23050892463	15774971	0
53	3	131	350	236	-1	118	23654749184	35623	23654750444	15653110	0
53	3	131	351	236	-1	118	23654749184	35623	23654750444	15653110	0
53	3	130	102	239	-1	30	23654749184	35623	23654750447	15653150	0
53	3	129	104	236	-1	35	23654749184	35623	23654750444	15653155	0
53	3	130	101	241	-1	28	23654749184	35623	23654750449	15653276	0
53	3	131	103	235	-1	52	23654749184	35623	23654750443	15653300	0
53	3	131	102	235	-1	52	23654749184	35623	23654750443	15653300	0
54	3	5	284	141	-1	101	23672286208	44186	23672287373	16412901	0
55	3	39	197	579	-1	80	23679847424	47878	23679849027	7197392	0
55	3	38	195	581	-1	82	23679847424	47878	23679849029	7197394	0
55	3	37	193	583	-1	76	23679847424	47878	23679849031	7197388	0
55	3	36	192	579	-1	74	23679847424	47878	23679849027	7197386	0
55	3	38	196	579	-1	78	23679847424	47878	23679849027	7197390	0
55	3	37	194	583	-1	76	23679847424	47878	23679849031	7197388	0
55	3	36	191	578	-1	93	23679847424	47878	23679849026	7197405	0
55	4	39	161	755	-1	31	23679937536	47922	23679939315	7287583	0
55	4	39	163	749	-1	40	23679937536	47922	23679939309	7287592	0
56	4	107	12	375	-1	4	23686394880	51075	23686395255	13743620	0
56	4	64	169	834	-1	74	23686503424	51128	23686505282	13853642	0
56	4	64	168	828	-1	85	23686505472	51129	23686505276	13853653	0
56	4	64	167	827	-1	91	23686505472	51129	23686505275	13853659	0
57	4	12	3	276	-1	62	23699346432	57399	23699347732	9918910	0
57	4	11	2	277	-1	62	23699346432	57399	23699347733	9918910	0
57	4	12	2	277	-1	63	23699346432	57399	23699347733	9918911	0
57	4	11	3	275	-1	114	23699346432	57399	23699347731	9918962	0
57	1	16	292	899	-1	66	23699399680	57425	23699401603	9972674	0
57	1	16	290	899	-1	106	23699401728	57426	23699401603	9972714	0
57	1	16	291	898	-1	5	23699401728	57426	23699401602	9972741	0
57	2	117	33	28	-1	14	23699426304	57438	23699426332	9997326	0
57	2	117	32	28	-1	14	23699426304	57438	23699426332	9997326	0
57	2	117	28	27	-1	15	23699426304	57438	23699426331	9997455	0
57	2	117	213	27	-1	57	23699426304	57438	23699426331	9997497	0
57	2	117	214	27	-1	60	23699426304	57438	23699426331	9997500	0
57	2	117	215	28	-1	50	23699426304	57438	23699426332	9997490	0
57	2	117	216	30	-1	47	23699426304	57438	23699426334	9997487	0
57	2	117	217	30	-1	43	23699426304	57438	23699426334	9997611	0
57	2	117	218	27	-1	61	23699426304	57438	23699426331	9997629	0
57	2	117	219	27	-1	65	23699426304	57438	23699426331	9997633	0
57	4	27	258	654	-1	71	23699426304	57438	23699426958	9998023	0
57	4	27	256	653	-1	124	23699426304	57438	23699426957	9998076	0
57	4	27	257	653	-1	121	23699426304	57438	23699426957	9998073	0
57	4	105	364	708	-1	98	23703616512	59484	23703617220	14188258	0
57	4	121	161	706	-1	26	23703616512	59484	23703617218	14188314	0
57	4	103	111	716	-1	16	23703616512	59484	23703617228	14188304	0
57	4	102	110	726	-1	22	23703616512	59484	23703617238	14188310	0
57	4	121	159	709	-1	15	23703616512	59484	23703617221	14188431	0
57	4	105	111	707	-1	26	23703616512	59484	23703617219	14188442	0
57	4	103	110	708	-1	37	23703616512	59484	23703617220	14188453	0
57	4	102	109	720	-1	19	23703616512	59484	23703617232	14188435	0
57	4	122	161	707	-1	43	23703616512	59484	23703617219	14188459	0
57	4	105	112	706	-1	47	23703616512	59484	23703617218	14188463	0
57	4	104	111	706	-1	57	23703616512	59484	23703617218	14188473	0
57	4	121	160	706	-1	86	23703616512	59484	23703617218	14188502	0
57	4	104	110	707	-1	39	23703616512	59484	23703617219	14188455	0
57	4	58	347	0	-1	30	23705424896	60367	23705424896	15995934	0
57	4	60	334	0	-1	45	23705424896	60367	23705424896	15996077	0
57	4	60	335	1021	-1	65	23705424896	60367	23705424893	15996097	0
57	4	58	346	1021	-1	85	23705424896	60367	23705424893	15996117	0
57	3	66	128	837	-1	67	23705451520	60380	23705452357	16023491	0
57	3	66	129	836	-1	73	23705451520	60380	23705452356	16023497	0
57	2	68	204	836	-1	94	23705451520	60380	23705452356	16023518	0
57	4	107	118	152	-1	120	23705535488	60421	23705536664	16107768	0
57	4	107	119	149	-1	9	23705535488	60421	23705536661	16107785	0
58	4	63	285	2	-1	82	23705539584	60423	23705540610	16111826	0
58	3	65	1	695	-1	17	23705570304	60438	23705570999	16142097	0
58	4	94	286	1023	-1	26	23705570304	60438	23705540607	16142106	0
58	4	42	17	696	-1	37	23705574400	60440	23705571000	16147237	0
58	4	42	173	733	-1	40	23705574400	60440	23705576157	16147368	0
58	4	36	172	733	-1	41	23705584640	60445	23705576157	16156201	0
58	4	36	171	504	-1	54	23705584640	60445	23705585144	16156342	0
58	4	126	172	502	-1	97	23705590784	60448	23705585142	16162785	0
58	4	126	273	961	-1	26	23705590784	60448	23705591745	16162842	0
58	4	120	24	960	-1	28	23705590784	60448	23705591744	16162844	0
58	4	126	12	960	-1	62	23705590784	60448	23705591744	16163006	0
58	1	71	184	514	-1	38	23705611264	60458	23705612802	16183846	0
58	1	71	182	516	-1	48	23705611264	60458	23705612804	16183984	0
58	1	71	183	512	-1	64	23705611264	60458	23705612800	16184000	0
58	3	6	250	847	-1	40	23705613312	60459	23705615183	16186152	0
58	3	6	17	853	-1	77	23705613312	60459	23705615189	16186317	0
58	3	6	28	846	-1	94	23705615360	60460	23705615182	16186334	0
58	3	6	16	846	-1	102	23705615360	60460	23705615182	16186342	0
58	3	6	15	846	-1	90	23705615360	60460	23705615182	16186330	0
58	4	18	25	959	-1	74	23705623552	60464	23705591743	16196554	0
58	4	18	21	843	-1	74	23705625600	60465	23705625419	16196554	0
58	4	22	20	846	-1	101	23705625600	60465	23705625422	16196581	0
58	3	42	295	638	-1	104	23705629696	60467	23705631358	16202472	0
58	3	42	296	636	-1	120	23705629696	60467	23705631356	16202488	0
58	4	22	52	843	-1	126	23705648128	60476	23705625419	16220926	0
58	4	22	284	763	-1	126	23705648128	60476	23705649915	16220926	0
58	1	120	150	766	-1	38	23705648128	60476	23705649918	16220966	0
58	1	119	151	770	-1	40	23705648128	60476	23705649922	16220968	0
58	4	23	285	763	-1	41	23705648128	60476	23705649915	16220969	0
58	4	22	35	771	-1	42	23705648128	60476	23705649923	16221098	0
58	1	120	152	765	-1	50	23705648128	60476	23705649917	16221106	0
58	1	119	150	761	-1	35	23705648128	60476	23705649913	16221091	0
58	4	22	37	762	-1	54	23705648128	60476	23705649914	16221110	0
58	1	119	149	761	-1	68	23705648128	60476	23705649913	16221124	0
58	4	22	36	761	-1	40	23705648128	60476	23705649913	16221096	0
58	1	120	151	761	-1	96	23705650176	60477	23705649913	16221152	0
58	4	20	35	768	-1	106	23705701376	60502	23705649920	16273642	0
58	4	20	6	142	-1	8	23705701376	60502	23705702542	16273672	0
58	4	92	7	135	-1	31	23705707520	60505	23705702535	16280095	0
58	4	18	271	478	-1	127	23705750528	60526	23705709022	16322559	0
58	4	18	97	920	-1	18	23705750528	60526	23705751448	16322578	0
59	2	38	70	945	-1	89	23705756672	60529	23705757617	16328665	0
59	2	38	74	949	-1	122	23705756672	60529	23705757621	16328698	0
59	2	38	98	945	-1	8	23705756672	60529	23705757617	16328712	0
59	2	38	97	946	-1	2	23705756672	60529	23705757618	16328834	0
59	2	37	73	945	-1	30	23705756672	60529	23705757617	16328734	0
59	2	38	73	944	-1	24	23705756672	60529	23705757616	16328856	0
59	2	38	72	944	-1	23	23705756672	60529	23705757616	16328855	0
59	2	38	71	944	-1	67	23705756672	60529	23705757616	16328899	0
59	2	38	319	945	-1	90	23705756672	60529	23705757617	16328922	0
59	2	38	320	945	-1	91	23705756672	60529	23705757617	16328923	0
59	2	38	321	945	-1	91	23705756672	60529	23705757617	16328923	0
59	2	38	345	946	-1	90	23705756672	60529	23705757618	16329050	0
59	2	38	346	946	-1	90	23705756672	60529	23705757618	16329050	0
58	4	67	98	917	-1	28	23705777152	60539	23705751445	16349212	0
59	4	67	99	976	-1	25	23705777152	60539	23705778128	16349337	0
59	4	71	98	979	-1	72	23705783296	60542	23705778131	16355016	0
59	4	74	287	576	-1	80	23705783296	60542	23705783872	16355024	0
59	4	71	232	575	-1	74	23705783296	60542	23705783871	16355018	0
59	4	74	288	574	-1	89	23705783296	60542	23705783870	16355033	0
59	4	79	233	574	-1	106	23705822208	60561	23705783870	16393706	0
59	4	79	136	382	-1	5	23705822208	60561	23705822590	16393733	0
59	4	25	137	377	-1	70	23705822208	60561	23705822585	16393926	0
59	4	25	269	651	-1	107	23705822208	60561	23705822859	16393963	0
59	4	26	270	650	-1	111	23705822208	60561	23705822858	16393967	0
59	4	25	270	651	-1	115	23705822208	60561	23705822859	16393971	0
59	4	44	271	650	-1	31	23705844736	60572	23705822858	16417055	0
59	4	44	31	228	-1	51	23705844736	60572	23705845988	16417203	0
59	4	103	32	225	-1	25	23705859072	60579	23705845985	16430873	0
59	4	102	169	749	-1	27	23705859072	60579	23705859821	16430875	0
59	4	103	168	747	-1	23	23705859072	60579	23705859819	16430999	0
59	4	102	168	749	-1	87	23705859072	60579	23705859821	16431063	0
59	2	56	251	61	-1	31	23705861120	60580	23705861181	16432159	0
59	2	56	252	61	-1	31	23705861120	60580	23705861181	16432287	0
59	2	56	25	61	-1	68	23705861120	60580	23705861181	16432324	0
59	2	56	24	64	-1	64	23705861120	60580	23705861184	16432320	0
59	2	56	15	61	-1	79	23705861120	60580	23705861181	16432335	0
59	2	56	14	61	-1	68	23705861120	60580	23705861181	16432324	0
59	2	56	13	69	-1	64	23705861120	60580	23705861189	16432448	0
59	4	40	169	742	-1	121	23705873408	60586	23705859814	16444665	0
59	4	76	42	79	-1	107	23705877504	60588	23705873487	16448491	0
59	4	76	229	877	-1	125	23705877504	60588	23705877357	16448509	0
59	4	29	230	875	-1	48	23705885696	60592	23705877355	16458288	0
60	4	28	5	520	-1	42	23705885696	60592	23705887240	16458282	0
60	4	28	6	518	-1	55	23705885696	60592	23705887238	16458423	0
61	4	27	147	571	-1	87	23711738880	63450	23711740475	5534423	0
61	4	27	146	572	-1	97	23711738880	63450	23711740476	5534433	0
61	2	112	94	136	-1	2	23711749120	63455	23711750280	5544194	0
61	4	78	264	941	-1	87	23711804416	63482	23711806381	5600215	0
61	4	78	3	940	-1	126	23711806464	63483	23711806380	5600254	0
61	4	78	2	940	-1	9	23711806464	63483	23711806380	5600265	0
61	4	79	37	940	-1	23	23711806464	63483	23711806380	5600279	0
61	4	21	245	655	-1	113	23711855616	63507	23711856271	5650161	0
61	4	20	243	652	-1	112	23711855616	63507	23711856268	5650160	0
61	4	21	246	651	-1	124	23711855616	63507	23711856267	5650172	0
61	4	20	242	651	-1	124	23711855616	63507	23711856267	5650172	0
61	4	8	195	303	-1	64	23712001024	63578	23712002351	5796288	0
61	4	8	197	295	-1	65	23712001024	63578	23712002343	5796289	0
61	4	8	196	290	-1	90	23712001024	63578	23712002338	5796314	0
61	4	131	217	409	-1	118	23712001024	63578	23712002457	5796342	0
61	4	131	218	404	-1	22	23712001024	63578	23712002452	5796374	0
61	4	97	141	961	-1	25	23712035840	63595	23712035777	5829657	0
61	4	97	142	959	-1	43	23712035840	63595	23712035775	5829675	0
61	4	97	140	966	-1	25	23712035840	63595	23712035782	5829785	0
61	4	43	334	18	-1	10	23712058368	63606	23712059410	5853194	0
61	4	42	334	19	-1	10	23712058368	63606	23712059411	5853194	0
61	4	41	349	18	-1	10	23712058368	63606	23712059410	5853194	0
61	4	42	335	19	-1	12	23712058368	63606	23712059411	5853196	0
61	4	41	347	20	-1	12	23712058368	63606	23712059412	5853324	0
61	4	42	93	30	-1	47	23712058368	63606	23712059422	5853231	0
61	4	41	102	23	-1	41	23712058368	63606	23712059415	5853353	0
61	4	42	92	24	-1	46	23712058368	63606	23712059416	5853358	0
61	4	41	101	17	-1	61	23712058368	63606	23712059409	5853373	0
61	4	40	102	18	-1	52	23712058368	63606	23712059410	5853364	0
61	4	43	85	17	-1	87	23712058368	63606	23712059409	5853399	0
61	4	42	91	23	-1	58	23712058368	63606	23712059415	5853370	0
61	4	41	99	18	-1	47	23712058368	63606	23712059410	5853359	0
61	4	43	86	17	-1	108	23712058368	63606	23712059409	5853420	0
61	4	42	90	21	-1	63	23712058368	63606	23712059413	5853503	0
61	4	41	100	17	-1	107	23712058368	63606	23712059409	5853419	0
61	4	42	89	21	-1	56	23712058368	63606	23712059413	5853496	0
61	4	41	98	20	-1	56	23712058368	63606	23712059412	5853496	0
61	4	42	88	19	-1	55	23712058368	63606	23712059411	5853495	0
61	4	41	97	23	-1	52	23712058368	63606	23712059415	5853492	0
61	4	42	87	18	-1	75	23712058368	63606	23712059410	5853515	0
61	4	41	96	29	-1	45	23712058368	63606	23712059421	5853613	0
61	4	42	86	18	-1	103	23712058368	63606	23712059410	5853671	0
62	4	42	348	18	-1	12	23712058368	63606	23712059410	5853708	0
62	4	42	336	21	-1	13	23712058368	63606	23712059413	5853709	0
62	4	42	337	22	-1	13	23712058368	63606	23712059414	5853709	0
62	4	42	338	23	-1	14	23712058368	63606	23712059415	5853710	0
62	2	56	180	599	-1	95	23712103424	63628	23712104023	5897951	0
62	4	19	339	25	-1	29	23712103424	63628	23712059417	5899037	0
62	4	19	350	826	-1	71	23712103424	63628	23712105274	5899207	0
62	4	19	347	835	-1	81	23712105472	63629	23712105283	5899217	0
62	4	19	348	825	-1	91	23712105472	63629	23712105273	5899227	0
62	4	26	349	825	-1	0	23712138240	63645	23712105273	5932800	0
62	4	20	308	669	-1	121	23712162816	63657	23712138909	5958393	0
62	4	16	228	663	-1	0	23712162816	63657	23712164503	5958400	0
62	4	20	224	658	-1	1	23712162816	63657	23712164498	5958401	0
62	4	16	230	657	-1	125	23712162816	63657	23712164497	5958397	0
62	4	20	225	657	-1	16	23712162816	63657	23712164497	5958544	0
62	4	24	229	657	-1	98	23712164864	63658	23712164497	5959650	0
62	4	24	169	962	-1	98	23712164864	63658	23712165826	5959650	0
62	4	24	336	962	-1	7	23712164864	63658	23712165826	5959687	0
62	4	25	90	961	-1	14	23712164864	63658	23712165825	5959694	0
62	4	24	91	962	-1	18	23712164864	63658	23712165826	5959698	0
62	4	24	89	961	-1	37	23712164864	63658	23712165825	5959845	0
62	4	24	88	961	-1	25	23712164864	63658	23712165825	5959833	0
62	4	24	87	965	-1	16	23712164864	63658	23712165829	5959824	0
62	4	24	78	984	-1	99	23712164864	63658	23712165848	5959907	0
62	4	24	337	962	-1	98	23712164864	63658	23712165826	5959906	0
62	4	33	338	962	-1	86	23712173056	63662	23712165826	5967318	0
62	4	37	275	427	-1	125	23712173056	63662	23712173483	5967357	0
62	4	33	255	428	-1	16	23712173056	63662	23712173484	5967376	0
62	4	33	273	426	-1	18	23712173056	63662	23712173482	5967378	0
62	4	37	274	426	-1	42	23712173056	63662	23712173482	5967530	0
62	4	131	256	426	-1	107	23712265216	63707	23712173482	6060267	0
62	4	32	90	102	-1	125	23712267264	63708	23712266342	6062333	0
62	4	32	31	125	-1	10	23712267264	63708	23712268413	6062346	0
62	4	59	32	124	-1	97	23712281600	63715	23712268412	6075617	0
62	3	81	332	94	-1	94	23712281600	63715	23712281694	6075614	0
62	4	71	236	96	-1	16	23712283648	63716	23712281696	6077968	0
62	4	71	336	470	-1	24	23712283648	63716	23712284118	6077976	0
62	4	71	334	470	-1	63	23712283648	63716	23712284118	6078143	0
62	4	30	335	469	-1	43	23712287744	63718	23712284117	6083371	0
62	3	39	311	355	-1	50	23712291840	63720	23712293219	6086962	0
62	4	30	0	701	-1	92	23712291840	63720	23712289469	6087132	0
63	3	39	62	355	-1	95	23712291840	63720	23712293219	6087135	0
62	4	30	150	359	-1	116	23712291840	63720	23712293223	6087156	0
63	4	103	151	355	-1	77	23712297984	63723	23712293219	6091981	0
63	4	103	305	2	-1	87	23712297984	63723	23712297986	6091991	0
63	4	21	306	1	-1	33	23712306176	63727	23712297985	6100001	0
63	1	88	360	66	-1	67	23712332800	63740	23712333890	6127811	0
63	1	88	361	62	-1	110	23712332800	63740	23712333886	6127854	0
63	4	128	206	959	-1	57	23712349184	63748	23712306111	6144441	0
63	4	128	144	286	-1	74	23712349184	63748	23712350494	6144458	0
64	4	129	154	103	-1	91	23718102016	1021	23718102119	11896027	0
64	4	129	153	101	-1	100	23718102016	1021	23718102117	11896036	0
64	2	19	327	536	-1	12	23718124544	1032	23718126104	11919884	0
64	2	19	328	535	-1	13	23718124544	1032	23718126103	11919885	0
64	2	19	80	534	-1	60	23718124544	1032	23718126102	11920060	0
64	2	19	79	535	-1	57	23718124544	1032	23718126103	11920057	0
64	2	19	78	541	-1	55	23718124544	1032	23718126109	11920055	0
64	3	54	368	671	-1	80	23718151168	1045	23718152863	11946704	0
64	2	63	10	673	-1	107	23718151168	1045	23718152865	11946731	0
64	3	54	366	670	-1	114	23718151168	1045	23718152862	11946738	0
64	3	54	367	670	-1	115	23718151168	1045	23718152862	11946739	0
64	2	63	9	670	-1	23	23718151168	1045	23718152862	11946775	0
64	4	91	309	164	-1	83	23718253568	1095	23718253732	12047571	0
64	4	91	311	164	-1	126	23718253568	1095	23718253732	12047614	0
64	3	110	111	162	-1	11	23718253568	1095	23718253730	12047627	0
64	4	91	310	163	-1	6	23718253568	1095	23718253731	12047622	0
64	4	67	285	22	-1	53	23718255616	1096	23718256662	12050613	0
64	4	67	287	21	-1	68	23718255616	1096	23718256661	12050628	0
64	4	67	286	21	-1	115	23718255616	1096	23718256661	12050675	0
64	4	35	322	381	-1	115	23718308864	1122	23718309245	12103155	0
64	4	35	321	380	-1	24	23718308864	1122	23718309244	12103192	0
64	3	92	109	918	-1	3	23718343680	1139	23718344598	12138499	0
64	4	74	291	918	-1	31	23718343680	1139	23718344598	12138527	0
64	4	4	4	396	-1	1	23718374400	1154	23718374796	12168705	0
64	3	114	354	920	-1	77	23718439936	1186	23718440856	12234701	0
64	3	114	355	920	-1	77	23718439936	1186	23718440856	12234701	0
64	3	115	120	928	-1	117	23718439936	1186	23718440864	12234741	0
64	3	114	123	922	-1	108	23718439936	1186	23718440858	12234732	0
64	3	115	119	932	-1	124	23718439936	1186	23718440868	12234748	0
64	3	114	122	919	-1	8	23718439936	1186	23718440855	12234632	0
64	3	114	121	920	-1	19	23718439936	1186	23718440856	12234899	0
64	4	49	57	842	-1	86	23718458368	1195	23718460234	12254166	0
64	4	0	69	125	-1	113	23718460416	1196	23718461565	12255473	0
64	4	0	70	122	-1	120	23718460416	1196	23718461562	12255480	0
64	4	57	246	483	-1	48	23718474752	1203	23718475235	12269104	0
64	4	26	307	411	-1	122	23718482944	1207	23718484379	12278266	0
64	4	26	306	408	-1	28	23718482944	1207	23718484376	12278300	0
64	3	33	50	218	-1	32	23718487040	1209	23718488282	12282016	0
64	3	46	240	705	-1	122	23718499328	1215	23718501057	12294906	0
64	3	46	237	712	-1	0	23718499328	1215	23718501064	12294912	0
64	3	46	238	706	-1	8	23718499328	1215	23718501058	12294920	0
64	3	46	239	705	-1	17	23718499328	1215	23718501057	12295057	0
65	4	20	291	421	-1	122	23718501376	1216	23718502821	12296698	0
65	4	20	292	419	-1	1	23718501376	1216	23718502819	12296705	0
65	4	21	291	420	-1	10	23718501376	1216	23718502820	12296714	0
65	4	12	292	416	-1	100	23718505472	1218	23718502816	12301028	0
65	4	12	24	616	-1	97	23718505472	1218	23718507112	12301025	0
65	4	36	23	618	-1	45	23718511616	1221	23718507114	12305709	0
65	4	36	214	263	-1	80	23718511616	1221	23718511879	12305872	0
65	4	91	213	263	-1	119	23718515712	1223	23718511879	12309751	0
65	4	84	80	112	-1	120	23718517760	1224	23718515824	12313336	0
65	4	84	196	685	-1	4	23718517760	1224	23718519469	12313348	0
65	4	84	198	674	-1	21	23718517760	1224	23718519458	12313365	0
65	4	59	197	674	-1	68	23718528000	1229	23718519458	12321988	0
65	4	59	54	23	-1	78	23718528000	1229	23718528023	12321998	0
65	4	59	56	18	-1	98	23718528000	1229	23718528018	12322018	0
65	1	35	133	372	-1	94	23718532096	1231	23718532468	12326366	0
65	1	35	131	376	-1	95	23718532096	1231	23718532472	12326367	0
65	1	35	132	370	-1	126	23718532096	1231	23718532466	12326398	0
65	2	17	320	121	-1	61	23718581248	1255	23718582393	12376125	0
65	2	13	69	121	-1	61	23718581248	1255	23718582393	12376253	0
65	2	6	50	121	-1	61	23718581248	1255	23718582393	12376253	0
65	2	13	316	121	-1	61	23718581248	1255	23718582393	12376253	0
65	2	6	49	121	-1	60	23718581248	1255	23718582393	12376252	0
65	2	17	318	121	-1	97	23718581248	1255	23718582393	12376289	0
65	2	13	317	120	-1	86	23718581248	1255	23718582392	12376278	0
65	2	6	236	120	-1	99	23718581248	1255	23718582392	12376291	0
65	2	17	319	120	-1	102	23718581248	1255	23718582392	12376294	0
65	2	13	318	120	-1	87	23718581248	1255	23718582392	12376279	0
65	2	6	234	124	-1	101	23718581248	1255	23718582396	12376293	0
65	2	13	319	121	-1	61	23718581248	1255	23718582393	12376381	0
65	2	6	235	120	-1	113	23718581248	1255	23718582392	12376433	0
65	1	49	132	278	-1	68	23718595584	1262	23718596886	12390852	0
65	1	49	131	278	-1	59	23718595584	1262	23718596886	12390843	0
65	4	27	55	17	-1	52	23718628352	1278	23718528017	12423732	0
65	4	27	143	529	-1	88	23718628352	1278	23718629905	12423896	0
65	4	27	145	521	-1	89	23718628352	1278	23718629897	12423897	0
65	4	53	144	521	-1	78	23718632448	1280	23718629897	12427726	0
65	4	53	292	411	-1	120	23718632448	1280	23718633883	12427768	0
65	4	53	44	410	-1	121	23718632448	1280	23718633882	12427769	0
65	3	27	171	906	-1	110	23718640640	1284	23718640522	12434414	0
65	4	32	43	410	-1	29	23718640640	1284	23718633882	12435741	0
65	4	32	52	227	-1	54	23718640640	1284	23718641891	12435894	0
65	4	61	51	227	-1	89	23718650880	1289	23718641891	12446425	0
66	4	61	140	573	-1	73	23718650880	1289	23718652477	12446409	0
66	2	2	60	643	-1	66	23718652928	1290	23718653571	12447426	0
66	2	2	245	642	-1	99	23718652928	1290	23718653570	12447459	0
66	2	2	246	642	-1	102	23718652928	1290	23718653570	12447462	0
66	2	2	247	645	-1	110	23718652928	1290	23718653573	12447470	0
66	2	2	248	648	-1	122	23718652928	1290	23718653576	12447482	0
66	2	2	249	652	-1	100	23718652928	1290	23718653580	12447588	0
66	4	50	139	578	-1	87	23718652928	1290	23718652482	12448471	0
66	4	50	165	596	-1	96	23718652928	1290	23718654548	12448480	0
66	4	100	164	596	-1	105	23718652928	1290	23718654548	12448489	0
66	4	100	165	596	-1	102	23718652928	1290	23718654548	12448486	0
66	4	13	164	596	-1	82	23718663168	1295	23718654548	12458450	0
66	4	13	150	359	-1	119	23718663168	1295	23718664551	12458487	0
66	3	64	34	483	-1	14	23718673408	1300	23718673891	12467726	0
66	4	96	151	357	-1	26	23718673408	1300	23718664549	12467738	0
66	3	64	35	476	-1	33	23718673408	1300	23718673884	12467745	0
66	4	96	176	480	-1	33	23718673408	1300	23718673888	12467745	0
66	4	94	174	482	-1	30	23718673408	1300	23718673890	12467870	0
66	4	96	232	488	-1	46	23718673408	1300	23718673896	12467886	0
66	4	94	175	478	-1	56	23718673408	1300	23718673886	12467896	0
66	4	62	233	477	-1	9	23718673408	1300	23718673885	12468489	0
66	4	4	104	118	-1	5	23718675456	1301	23718674550	12470021	0
66	4	4	232	696	-1	12	23718675456	1301	23718676152	12470028	0
66	4	4	230	697	-1	33	23718675456	1301	23718676153	12470049	0
66	4	43	231	695	-1	74	23718677504	1302	23718676151	12471498	0
66	2	40	224	258	-1	36	23718689792	1308	23718691074	12484900	0
66	2	38	223	261	-1	36	23718689792	1308	23718691077	12484900	0
66	2	38	224	257	-1	40	23718689792	1308	23718691073	12485032	0
66	2	40	223	258	-1	58	23718689792	1308	23718691074	12485050	0
66	2	38	225	258	-1	38	23718689792	1308	23718691074	12485030	0
66	4	45	56	14	-1	51	23718704128	1315	23718677518	12499763	0
66	4	115	300	728	-1	96	23718710272	1318	23718705880	12504288	0
66	4	115	18	104	-1	20	23718710272	1318	23718710376	12504340	0
66	4	12	19	100	-1	116	23718726656	1326	23718710372	12522228	0
66	4	12	331	742	-1	30	23718726656	1326	23718728422	12522270	0
66	4	12	330	741	-1	35	23718726656	1326	23718728421	12522275	0
66	4	12	327	752	-1	40	23718726656	1326	23718728432	12522408	0
66	4	12	328	742	-1	48	23718726656	1326	23718728422	12522416	0
66	4	65	329	741	-1	64	23718730752	1328	23718728421	12526400	0
66	4	81	333	831	-1	75	23718730752	1328	23718732607	12526539	0
66	4	65	340	828	-1	68	23718730752	1328	23718732604	12526532	0
67	4	81	341	825	-1	81	23718732800	1329	23718732601	12526545	0
67	4	65	334	826	-1	87	23718732800	1329	23718732602	12526551	0
67	4	81	342	828	-1	69	23718732800	1329	23718732604	12526533	0
67	4	88	320	944	-1	3	23718736896	1331	23718737840	12531715	0
67	4	88	321	940	-1	50	23718736896	1331	23718737836	12531762	0
67	4	22	267	994	-1	114	23718740992	1333	23718740962	12534770	0
67	4	22	268	994	-1	114	23718740992	1333	23718740962	12534770	0
67	4	22	20	993	-1	52	23718740992	1333	23718740961	12534836	0
67	4	22	19	993	-1	63	23718740992	1333	23718740961	12534975	0
67	4	49	283	937	-1	126	23718753280	1339	23718753193	12547070	0
67	4	79	320	28	-1	15	23718753280	1339	23718753308	12547087	0
67	4	54	232	933	-1	13	23718753280	1339	23718753189	12547085	0
67	4	79	321	28	-1	15	23718753280	1339	23718753308	12547087	0
67	4	54	231	933	-1	20	23718753280	1339	23718753189	12547220	0
67	4	49	284	933	-1	23	23718753280	1339	23718753189	12547223	0
67	4	79	73	27	-1	58	23718753280	1339	23718753307	12547258	0
67	4	79	72	27	-1	65	23718753280	1339	23718753307	12547265	0
67	4	79	71	32	-1	55	23718753280	1339	23718753312	12547255	0
67	4	45	147	435	-1	13	23718755328	1340	23718756787	12550669	0
67	4	74	240	431	-1	21	23718755328	1340	23718756783	12550677	0
67	4	45	149	431	-1	19	23718755328	1340	23718756783	12550675	0
67	4	74	241	431	-1	17	23718755328	1340	23718756783	12550801	0
67	4	45	148	432	-1	22	23718755328	1340	23718756784	12550806	0
67	4	52	197	837	-1	86	23718759424	1342	23718760261	12554198	0
67	4	52	198	836	-1	87	23718759424	1342	23718760260	12554199	0
67	1	98	77	384	-1	111	23718761472	1343	23718762880	12556783	0
67	1	98	78	381	-1	121	23718761472	1343	23718762877	12556793	0
67	4	12	58	207	-1	26	23718773760	1349	23718774991	12568858	0
67	4	12	59	203	-1	43	23718773760	1349	23718774987	12569003	0
67	4	84	278	196	-1	99	23718808576	1366	23718809796	12603619	0
67	4	84	279	196	-1	99	23718808576	1366	23718809796	12603619	0
67	4	84	31	195	-1	26	23718808576	1366	23718809795	12603674	0
67	3	129	22	194	-1	40	23718808576	1366	23718809794	12603688	0
68	4	69	329	851	-1	120	23724424192	4108	23724425043	1441784	0
68	4	0	221	88	-1	100	23724483584	4137	23724484696	1501412	0
68	4	57	330	55	-1	28	23724493824	4142	23724493879	1510428	0
68	4	57	332	54	-1	69	23724493824	4142	23724493878	1510597	0
68	4	57	331	53	-1	86	23724493824	4142	23724493877	1510614	0
68	4	106	72	243	-1	38	23724557312	4173	23724557555	1574182	0
68	4	55	200	830	-1	105	23724571648	4180	23724572478	1589225	0
68	3	42	43	922	-1	3	23724657664	4222	23724657562	1674243	0
68	4	43	201	1000	-1	36	23724696576	4241	23724696552	1713188	0
68	4	43	202	999	-1	36	23724696576	4241	23724696551	1713316	0
68	4	71	344	143	-1	113	23724776448	4280	23724777615	1794289	0
68	4	71	343	141	-1	18	23724776448	4280	23724777613	1794322	0
68	3	53	285	812	-1	22	23724807168	4295	23724807980	1824406	0
68	3	53	288	812	-1	22	23724807168	4295	23724807980	1824662	0
68	3	53	286	811	-1	71	23724807168	4295	23724807979	1824711	0
68	3	53	287	811	-1	66	23724807168	4295	23724807979	1824578	0
68	4	99	206	563	-1	65	23724813312	4298	23724813875	1830593	0
68	4	95	193	559	-1	65	23724813312	4298	23724813871	1830593	0
68	4	92	192	559	-1	67	23724813312	4298	23724813871	1830595	0
68	4	91	192	563	-1	67	23724813312	4298	23724813875	1830595	0
68	4	90	193	565	-1	61	23724813312	4298	23724813877	1830589	0
68	4	95	194	558	-1	74	23724813312	4298	23724813870	1830602	0
68	4	90	194	573	-1	60	23724813312	4298	23724813885	1830588	0
68	4	99	207	555	-1	93	23724813312	4298	23724813867	1830621	0
68	4	94	193	554	-1	105	23724813312	4298	23724813866	1830633	0
68	4	91	193	561	-1	89	23724813312	4298	23724813873	1830617	0
68	4	93	193	554	-1	120	23724813312	4298	23724813866	1830648	0
68	4	92	193	554	-1	124	23724813312	4298	23724813866	1830652	0
68	1	22	52	561	-1	72	23724831744	4307	23724832305	1849032	0
68	1	22	53	560	-1	85	23724831744	4307	23724832304	1849045	0
68	2	59	21	84	-1	43	23724831744	4307	23724832852	1849387	0
68	2	59	20	86	-1	43	23724831744	4307	23724832854	1849515	0
68	2	59	271	84	-1	42	23724831744	4307	23724832852	1849514	0
68	2	59	267	85	-1	87	23724831744	4307	23724832853	1849559	0
68	2	59	268	84	-1	95	23724831744	4307	23724832852	1849567	0
68	2	59	269	83	-1	84	23724831744	4307	23724832851	1849556	0
68	2	59	270	83	-1	81	23724831744	4307	23724832851	1849681	0
68	4	88	89	353	-1	116	23724841984	4312	23724843361	1860084	0
68	1	107	321	254	-1	0	23724868608	4325	23724869886	1886464	0
68	1	107	322	254	-1	1	23724868608	4325	23724869886	1886465	0
68	1	107	74	254	-1	48	23724868608	4325	23724869886	1886512	0
68	1	107	72	258	-1	43	23724868608	4325	23724869890	1886635	0
69	2	8	235	291	-1	54	23724874752	4328	23724875043	1891766	0
69	2	8	234	290	-1	66	23724874752	4328	23724875042	1891778	0
69	2	9	359	25	-1	49	23724893184	4337	23724893209	1909937	0
69	2	9	360	24	-1	58	23724893184	4337	23724893208	1909946	0
69	4	67	39	555	-1	86	23724895232	4338	23724895787	1912534	0
69	4	67	38	556	-1	78	23724895232	4338	23724895788	1912526	0
69	4	32	226	610	-1	53	23724897280	4339	23724898914	1915445	0
69	4	32	287	610	-1	49	23724897280	4339	23724898914	1915569	0
69	4	32	288	609	-1	50	23724897280	4339	23724898913	1915570	0
69	4	33	41	611	-1	93	23724897280	4339	23724898915	1915613	0
69	4	32	41	609	-1	100	23724897280	4339	23724898913	1915620	0
69	4	32	40	608	-1	98	23724897280	4339	23724898912	1915618	0
69	4	33	42	608	-1	122	23724897280	4339	23724898912	1915642	0
69	4	32	39	608	-1	102	23724897280	4339	23724898912	1915622	0
69	4	31	39	608	-1	127	23724897280	4339	23724898912	1915647	0
69	4	32	289	610	-1	50	23724897280	4339	23724898914	1915698	0
69	1	71	73	254	-1	120	23724913664	4347	23724869886	1932024	0
69	1	71	99	749	-1	120	23724913664	4347	23724915437	1932024	0
69	1	71	98	749	-1	30	23724913664	4347	23724915437	1932062	0
69	1	71	177	749	-1	97	23724915712	4348	23724915437	1932257	0
69	1	71	179	748	-1	94	23724915712	4348	23724915436	1932254	0
69	2	71	139	972	-1	16	23724946432	4363	23724946380	1963024	0
69	2	71	140	968	-1	30	23724946432	4363	23724946376	1963038	0
69	4	29	225	968	-1	8	23724946432	4363	23724947400	1964040	0
69	4	28	225	961	-1	24	23724946432	4363	23724947393	1964056	0
69	3	55	282	480	-1	19	23724966912	4373	23724968416	1985043	0
69	3	55	283	473	-1	33	23724966912	4373	23724968409	1985057	0
69	4	7	112	945	-1	10	23724987392	4383	23724988337	2005002	0
69	4	7	113	942	-1	43	23724987392	4383	23724988334	2005035	0
69	3	16	80	154	-1	107	23725007872	4393	23725008026	2024683	0
69	3	16	81	151	-1	116	23725007872	4393	23725008023	2024692	0
69	4	36	176	374	-1	108	23725009920	4394	23725010294	2026988	0
69	4	36	175	369	-1	3	23725009920	4394	23725010289	2027011	0
69	4	62	129	734	-1	36	23725032448	4405	23725033182	2049828	0
69	4	26	182	734	-1	28	23725032448	4405	23725033182	2049820	0
69	4	26	181	735	-1	36	23725032448	4405	23725033183	2049956	0
69	4	62	130	734	-1	50	23725032448	4405	23725033182	2049970	0
69	3	24	29	40	-1	60	23725036544	4407	23725036584	2053308	0
69	3	24	30	36	-1	70	23725036544	4407	23725036580	2053318	0
69	4	7	261	70	-1	36	23725036544	4407	23725037638	2054180	0
69	4	7	262	70	-1	36	23725036544	4407	23725037638	2054308	0
70	4	6	4	70	-1	72	23725036544	4407	23725037638	2054344	0
70	4	7	4	69	-1	68	23725036544	4407	23725037637	2054340	0
70	4	13	179	356	-1	91	23725044736	4411	23725046116	2062811	0
70	4	13	180	353	-1	111	23725044736	4411	23725046113	2062831	0
70	2	57	102	469	-1	7	23725054976	4416	23725056469	2073095	0
70	2	57	101	464	-1	42	23725054976	4416	23725056464	2073130	0
70	4	7	158	229	-1	26	23725061120	4419	23725061349	2077978	0
70	4	7	157	232	-1	26	23725061120	4419	23725061352	2077978	0
70	4	10	169	981	-1	17	23725065216	4421	23725066197	2082833	0
70	4	8	173	983	-1	13	23725065216	4421	23725066199	2082829	0
70	4	10	170	977	-1	23	23725065216	4421	23725066193	2082839	0
70	4	8	174	977	-1	60	23725065216	4421	23725066193	2083004	0
70	2	127	316	897	-1	99	23725071360	4424	23725071233	2087907	0
70	2	127	317	895	-1	108	23725071360	4424	23725071231	2087916	0
70	4	67	343	279	-1	12	23725073408	4425	23725074711	2091276	0
70	4	68	344	282	-1	53	23725073408	4425	23725074714	2091317	0
70	4	67	340	282	-1	45	23725073408	4425	23725074714	2091437	0
70	4	68	346	279	-1	51	23725073408	4425	23725074711	2091443	0
70	4	67	341	278	-1	62	23725073408	4425	23725074710	2091454	0
70	4	68	345	277	-1	87	23725073408	4425	23725074709	2091479	0
70	4	67	342	277	-1	68	23725073408	4425	23725074709	2091460	0
70	4	69	84	442	-1	11	23725077504	4427	23725078970	2095627	0
70	4	13	242	440	-1	24	23725077504	4427	23725078968	2095640	0
70	4	69	85	439	-1	51	23725077504	4427	23725078967	2095667	0
70	4	13	243	439	-1	26	23725077504	4427	23725078967	2095770	0
70	3	20	7	306	-1	64	23725079552	4428	23725080882	2097600	0
70	3	20	6	305	-1	72	23725079552	4428	23725080881	2097608	0
70	3	20	5	316	-1	61	23725079552	4428	23725080892	2097597	0
70	4	90	287	142	-1	72	23725081600	4429	23725081742	2098376	0
70	4	90	40	141	-1	123	23725081600	4429	23725081741	2098427	0
70	4	90	38	144	-1	6	23725081600	4429	23725081744	2098438	0
70	4	90	39	140	-1	54	23725081600	4429	23725081740	2098486	0
70	4	25	307	951	-1	92	23725087744	4432	23725088695	2105308	0
70	4	25	308	951	-1	93	23725087744	4432	23725088695	2105309	0
70	4	25	59	950	-1	7	23725087744	4432	23725088694	2105351	0
70	4	24	61	956	-1	20	23725087744	4432	23725088700	2105364	0
70	4	24	60	952	-1	23	23725087744	4432	23725088696	2105367	0
70	4	25	60	950	-1	36	23725087744	4432	23725088694	2105508	0
70	4	24	59	951	-1	21	23725087744	4432	23725088695	2105493	0
70	4	25	347	559	-1	24	23725126656	4451	23725127215	2143768	0
70	4	25	98	558	-1	68	23725126656	4451	23725127214	2143940	0
71	3	52	307	910	-1	71	23725140992	4458	23725141902	2158535	0
71	3	52	308	910	-1	71	23725140992	4458	23725141902	2158407	0
71	3	52	58	919	-1	119	23725140992	4458	23725141911	2158583	0
71	3	52	60	909	-1	14	23725140992	4458	23725141901	2158606	0
71	3	52	59	909	-1	23	23725140992	4458	23725141901	2158743	0
71	3	73	136	967	-1	1	23725177856	4476	23725178823	2195457	0
71	3	73	137	963	-1	21	23725177856	4476	23725178819	2195477	0
71	4	1	46	964	-1	41	23725177856	4476	23725178820	2195497	0
71	4	25	31	975	-1	46	23725186048	4480	23725187023	2203694	0
71	4	93	162	1020	-1	66	23725190144	4482	23725191164	2207938	0
71	4	93	161	1020	-1	79	23725190144	4482	23725191164	2207951	0
71	4	54	46	924	-1	1	23725198336	4486	23725198236	2214913	0
71	4	54	45	925	-1	121	23725198336	4486	23725198237	2214905	0
71	4	3	2	120	-1	97	23725200384	4487	23725200504	2217185	0
71	4	3	3	117	-1	108	23725200384	4487	23725200501	2217196	0
69	1	78	178	748	-1	44	23725216768	4495	23724915436	2233388	0
71	2	58	250	875	-1	54	23725216768	4495	23725218667	2235190	0
71	2	58	251	875	-1	54	23725216768	4495	23725218667	2235318	0
71	2	58	14	879	-1	88	23725216768	4495	23725218671	2235352	0
71	2	58	16	874	-1	91	23725218816	4496	23725218666	2235355	0
71	2	58	15	874	-1	93	23725218816	4496	23725218666	2235357	0
71	1	7	292	969	-1	101	23725218816	4496	23725216713	2236133	0
71	1	7	216	638	-1	103	23725218816	4496	23725219454	2236135	0
71	1	7	217	632	-1	100	23725218816	4496	23725219448	2236132	0
71	4	129	65	420	-1	30	23725220864	4497	23725221284	2237982	0
71	4	107	286	527	-1	63	23725227008	4500	23725227535	2244287	0
71	4	107	287	528	-1	58	23725227008	4500	23725227536	2244282	0
71	4	108	285	526	-1	118	23725227008	4500	23725227534	2244342	0
71	4	33	226	62	-1	82	23725235200	4504	23725236286	2253010	0
72	4	113	235	96	-1	82	23730908160	7274	23730909280	7925970	0
72	4	113	237	88	-1	93	23730908160	7274	23730909272	7925981	0
72	4	114	233	95	-1	107	23730908160	7274	23730909279	7925995	0
72	4	114	234	93	-1	110	23730908160	7274	23730909277	7925998	0
72	4	113	236	88	-1	117	23730908160	7274	23730909272	7926005	0
72	4	114	235	92	-1	105	23730908160	7274	23730909276	7926121	0
72	4	98	180	88	-1	9	23730908160	7274	23730909272	7926025	0
72	4	99	180	88	-1	31	23730908160	7274	23730909272	7926047	0
72	2	27	313	948	-1	90	23730928640	7284	23730929588	7946202	0
72	2	27	314	948	-1	91	23730928640	7284	23730929588	7946203	0
72	2	27	66	947	-1	121	23730928640	7284	23730929587	7946233	0
72	2	27	65	946	-1	121	23730928640	7284	23730929586	7946233	0
71	1	95	218	632	-1	30	23730928640	7284	23725219448	7946270	0
72	4	95	167	302	-1	66	23731090432	7363	23731090734	8107458	0
72	4	95	166	302	-1	81	23731090432	7363	23731090734	8107473	0
72	4	126	218	535	-1	79	23731108864	7372	23731110423	8127183	0
72	4	119	320	535	-1	69	23731108864	7372	23731110423	8127173	0
72	4	126	219	534	-1	91	23731108864	7372	23731110422	8127195	0
72	4	77	14	180	-1	15	23731168256	7401	23731168436	8185103	0
72	4	77	13	183	-1	3	23731168256	7401	23731168439	8185091	0
72	4	57	210	523	-1	73	23731221504	7427	23731223051	8239817	0
72	4	57	211	522	-1	93	23731221504	7427	23731223050	8239837	0
72	1	10	202	946	-1	71	23731256320	7444	23730929586	8274375	0
72	1	10	43	396	-1	71	23731256320	7444	23731257740	8274375	0
72	1	10	224	396	-1	72	23731256320	7444	23731257740	8274376	0
72	1	10	225	396	-1	119	23731256320	7444	23731257740	8274423	0
72	1	10	42	395	-1	109	23731256320	7444	23731257739	8274413	0
72	1	10	41	395	-1	106	23731256320	7444	23731257739	8274538	0
72	1	10	40	395	-1	115	23731256320	7444	23731257739	8274547	0
72	1	10	39	395	-1	120	23731256320	7444	23731257739	8274552	0
72	1	10	38	395	-1	72	23731256320	7444	23731257739	8274632	0
72	1	10	226	396	-1	72	23731256320	7444	23731257740	8274632	0
72	1	10	227	396	-1	72	23731256320	7444	23731257740	8274632	0
72	1	10	286	396	-1	73	23731256320	7444	23731257740	8274633	0
72	1	10	287	396	-1	73	23731256320	7444	23731257740	8274761	0
72	1	10	288	396	-1	73	23731256320	7444	23731257740	8274761	0
72	1	10	289	396	-1	72	23731256320	7444	23731257740	8274760	0
72	2	1	341	1007	-1	120	23731274752	7453	23731274735	8291320	0
72	2	1	342	1007	-1	120	23731274752	7453	23731274735	8291320	0
72	2	1	94	1005	-1	27	23731274752	7453	23731274733	8291355	0
72	2	1	93	1006	-1	24	23731274752	7453	23731274734	8291480	0
72	4	11	146	518	-1	46	23731299328	7465	23731300870	8317486	0
73	4	0	147	517	-1	75	23731330048	7480	23731300869	8348363	0
73	4	0	259	660	-1	126	23731330048	7480	23731331732	8348414	0
73	4	0	7	659	-1	123	23731330048	7480	23731331731	8348411	0
73	4	110	6	659	-1	123	23731332096	7481	23731331731	8350459	0
73	4	110	119	642	-1	127	23731332096	7481	23731333762	8350463	0
73	3	98	279	45	-1	75	23731338240	7484	23731339309	8356043	0
73	4	28	118	643	-1	84	23731338240	7484	23731333763	8356052	0
72	1	17	290	396	-1	79	23731344384	7487	23731257740	8362191	0
73	1	17	340	75	-1	89	23731344384	7487	23731345483	8362201	0
73	2	6	4	862	-1	47	23731348480	7489	23731350366	8367023	0
73	2	6	192	872	-1	79	23731348480	7489	23731350376	8367055	0
73	2	6	193	866	-1	83	23731350528	7490	23731350370	8367059	0
73	2	6	194	861	-1	90	23731350528	7490	23731350365	8367066	0
73	2	6	195	861	-1	85	23731350528	7490	23731350365	8367061	0
73	4	44	232	46	-1	1	23731364864	7497	23731339310	8383233	0
73	4	44	273	769	-1	53	23731364864	7497	23731366657	8383285	0
73	4	82	271	769	-1	63	23731364864	7497	23731366657	8383423	0
73	4	82	157	768	-1	77	23731364864	7497	23731366656	8383437	0
73	4	44	158	768	-1	75	23731364864	7497	23731366656	8383435	0
73	4	37	272	768	-1	34	23731381248	7505	23731366656	8397858	0
73	4	37	204	1012	-1	51	23731381248	7505	23731381236	8397875	0
73	4	37	206	1004	-1	57	23731381248	7505	23731381228	8398009	0
73	3	108	133	897	-1	98	23731399680	7514	23731399553	8416226	0
73	3	108	134	893	-1	118	23731399680	7514	23731399549	8416246	0
73	3	107	132	893	-1	116	23731399680	7514	23731399549	8416244	0
73	3	107	131	911	-1	108	23731399680	7514	23731399567	8416236	0
73	3	107	133	893	-1	21	23731399680	7514	23731399549	8416149	0
73	4	9	205	1004	-1	35	23731405824	7517	23731381228	8423203	0
73	4	11	356	837	-1	70	23731405824	7517	23731406661	8423366	0
73	4	11	146	836	-1	79	23731405824	7517	23731406660	8423375	0
73	4	9	145	836	-1	80	23731405824	7517	23731406660	8423376	0
73	4	11	121	836	-1	76	23731405824	7517	23731406660	8423372	0
73	4	9	144	842	-1	104	23731405824	7517	23731406666	8423400	0
73	4	86	120	836	-1	46	23731411968	7520	23731406660	8428718	0
73	4	53	170	951	-1	8	23731414016	7521	23731411895	8432136	0
73	4	52	23	527	-1	9	23731414016	7521	23731415567	8432137	0
73	4	53	26	527	-1	8	23731414016	7521	23731415567	8432136	0
73	4	52	273	527	-1	8	23731414016	7521	23731415567	8432136	0
73	4	54	272	527	-1	39	23731414016	7521	23731415567	8432295	0
73	4	52	270	527	-1	44	23731414016	7521	23731415567	8432300	0
73	4	36	276	527	-1	38	23731414016	7521	23731415567	8432294	0
73	4	52	328	528	-1	64	23731414016	7521	23731415568	8432320	0
74	4	36	275	526	-1	48	23731414016	7521	23731415566	8432304	0
74	4	56	326	532	-1	79	23731414016	7521	23731415572	8432335	0
74	4	55	269	526	-1	81	23731414016	7521	23731415566	8432337	0
74	4	53	269	527	-1	72	23731414016	7521	23731415567	8432328	0
74	4	52	270	526	-1	83	23731414016	7521	23731415566	8432339	0
74	4	36	274	526	-1	59	23731414016	7521	23731415566	8432315	0
74	4	54	327	527	-1	112	23731414016	7521	23731415567	8432368	0
74	4	53	269	526	-1	104	23731414016	7521	23731415566	8432360	0
74	4	52	271	526	-1	109	23731414016	7521	23731415566	8432365	0
74	4	36	273	526	-1	39	23731414016	7521	23731415566	8432423	0
74	4	55	329	528	-1	117	23731414016	7521	23731415568	8432501	0
74	4	53	268	526	-1	79	23731414016	7521	23731415566	8432463	0
74	4	36	272	526	-1	48	23731414016	7521	23731415566	8432432	0
74	4	36	330	528	-1	70	23731414016	7521	23731415568	8432454	0
74	3	55	295	392	-1	94	23731422208	7525	23731422600	8439262	0
74	3	55	294	389	-1	4	23731422208	7525	23731422597	8439300	0
74	3	17	228	201	-1	17	23731426304	7527	23731426505	8443153	0
74	4	109	331	527	-1	32	23731426304	7527	23731415567	8443168	0
74	3	17	229	200	-1	12	23731426304	7527	23731426504	8443148	0
74	4	109	345	320	-1	33	23731426304	7527	23731426624	8443297	0
74	4	109	346	320	-1	77	23731426304	7527	23731426624	8443341	0
74	4	109	98	319	-1	83	23731426304	7527	23731426623	8443347	0
74	4	109	97	318	-1	72	23731426304	7527	23731426622	8443336	0
74	3	36	258	567	-1	28	23731428352	7528	23731429943	8446492	0
74	3	36	261	567	-1	28	23731428352	7528	23731429943	8446492	0
74	3	36	260	567	-1	57	23731428352	7528	23731429943	8446649	0
74	3	36	259	566	-1	73	23731428352	7528	23731429942	8446665	0
74	4	7	96	331	-1	86	23731430400	7529	23731426635	8448214	0
74	4	7	11	82	-1	87	23731430400	7529	23731431506	8448215	0
74	3	72	220	40	-1	59	23731432448	7530	23731432488	8449211	0
74	3	72	221	33	-1	72	23731432448	7530	23731432481	8449224	0
74	4	106	10	84	-1	36	23731446784	7537	23731431508	8464932	0
74	4	104	294	499	-1	37	23731446784	7537	23731448307	8464933	0
74	4	104	308	498	-1	77	23731446784	7537	23731448306	8465101	0
74	4	106	309	496	-1	0	23731446784	7537	23731448304	8465152	0
74	4	63	295	495	-1	29	23731457024	7542	23731448303	8474397	0
74	4	63	367	737	-1	83	23731457024	7542	23731457761	8474579	0
74	4	89	368	734	-1	31	23731463168	7545	23731457758	8479775	0
74	4	89	298	61	-1	31	23731463168	7545	23731463229	8479903	0
74	4	89	313	60	-1	73	23731463168	7545	23731463228	8479945	0
74	4	89	66	60	-1	80	23731463168	7545	23731463228	8479952	0
75	4	89	65	59	-1	101	23731463168	7545	23731463227	8479973	0
75	4	89	50	59	-1	100	23731463168	7545	23731463227	8479972	0
75	4	89	48	70	-1	72	23731463168	7545	23731463238	8480072	0
75	4	6	346	253	-1	35	23731467264	7547	23731468541	8485155	0
75	4	7	336	253	-1	43	23731467264	7547	23731468541	8485291	0
75	4	6	347	252	-1	35	23731467264	7547	23731468540	8485283	0
75	4	7	337	252	-1	69	23731467264	7547	23731468540	8485317	0
75	4	44	320	491	-1	118	23731477504	7552	23731477995	8494582	0
75	4	44	72	490	-1	34	23731477504	7552	23731477994	8494626	0
75	4	44	71	490	-1	56	23731477504	7552	23731477994	8494776	0
75	4	43	71	489	-1	74	23731477504	7552	23731477993	8494794	0
75	4	116	200	28	-1	61	23731481600	7554	23731481628	8498365	0
75	4	116	201	27	-1	104	23731481600	7554	23731481627	8498408	0
73	1	37	341	74	-1	8	23731500032	7563	23731345482	8518152	0
75	1	37	276	458	-1	21	23731500032	7563	23731501514	8518165	0
75	3	89	17	441	-1	1	23731508224	7567	23731508665	8525313	0
75	4	105	257	438	-1	10	23731508224	7567	23731508662	8525322	0
75	4	105	258	437	-1	27	23731508224	7567	23731508661	8525339	0
75	3	89	18	436	-1	38	23731508224	7567	23731508660	8525350	0
75	3	101	3	330	-1	76	23731512320	7569	23731512650	8529356	0
75	3	101	4	324	-1	113	23731512320	7569	23731512644	8529393	0
75	4	50	98	435	-1	91	23731512320	7569	23731513779	8530395	0
75	4	50	179	434	-1	13	23731512320	7569	23731513778	8530445	0
75	4	50	177	435	-1	25	23731512320	7569	23731513779	8530457	0
75	4	50	178	434	-1	31	23731512320	7569	23731513778	8530591	0
75	4	50	176	443	-1	6	23731512320	7569	23731513787	8530566	0
75	4	66	43	339	-1	77	23731520512	7573	23731520851	8537549	0
75	4	66	41	341	-1	84	23731520512	7573	23731520853	8537556	0
75	4	66	42	337	-1	125	23731520512	7573	23731520849	8537597	0
75	4	68	123	986	-1	9	23731528704	7577	23731528666	8545289	0
75	4	68	121	988	-1	30	23731528704	7577	23731528668	8545310	0
75	4	68	122	983	-1	49	23731528704	7577	23731528663	8545457	0
75	4	60	87	325	-1	94	23731530752	7578	23731532101	8548830	0
75	4	60	88	324	-1	125	23731530752	7578	23731532100	8548861	0
75	4	95	336	516	-1	3	23731540992	7583	23731542532	8559107	0
75	4	95	337	516	-1	3	23731540992	7583	23731542532	8559107	0
75	4	95	87	519	-1	55	23731540992	7583	23731542535	8559287	0
75	4	95	89	515	-1	70	23731540992	7583	23731542531	8559302	0
75	4	95	88	515	-1	99	23731540992	7583	23731542531	8559331	0
75	4	24	142	700	-1	17	23731547136	7586	23731548860	8565521	0
75	4	24	140	707	-1	12	23731547136	7586	23731548867	8565516	0
75	4	24	141	700	-1	34	23731547136	7586	23731548860	8565666	0
76	4	51	129	532	-1	80	23731559424	7592	23731559956	8576720	0
76	4	77	128	531	-1	25	23731575808	7600	23731559955	8593689	0
76	4	77	171	194	-1	54	23731575808	7600	23731577026	8593718	0
76	2	21	10	161	-1	81	23731579904	7602	23731581089	8597713	0
76	2	21	257	161	-1	81	23731579904	7602	23731581089	8597713	0
76	3	60	302	161	-1	126	23731579904	7602	23731581089	8597758	0
76	2	21	254	161	-1	119	23731579904	7602	23731581089	8597751	0
76	3	60	303	160	-1	7	23731579904	7602	23731581088	8597767	0
76	2	21	256	160	-1	0	23731579904	7602	23731581088	8597760	0
76	2	21	255	160	-1	39	23731579904	7602	23731581088	8597927	0
76	4	35	170	194	-1	90	23731590144	7607	23731577026	8607706	0
76	4	35	326	947	-1	90	23731590144	7607	23731591091	8607706	0
76	4	35	327	947	-1	6	23731590144	7607	23731591091	8607750	0
76	4	47	77	958	-1	17	23731590144	7607	23731591102	8607761	0
76	4	35	227	946	-1	20	23731590144	7607	23731591090	8607764	0
76	4	47	78	946	-1	11	23731590144	7607	23731591090	8607883	0
76	4	35	228	946	-1	26	23731590144	7607	23731591090	8607898	0
76	4	55	79	945	-1	109	23731590144	7607	23731591089	8608237	0
76	4	55	204	391	-1	120	23731590144	7607	23731591559	8608248	0
76	4	52	171	393	-1	114	23731590144	7607	23731591561	8608242	0
76	4	55	184	391	-1	2	23731590144	7607	23731591559	8608258	0
76	4	52	172	391	-1	110	23731590144	7607	23731591559	8608238	0
76	4	55	182	394	-1	118	23731590144	7607	23731591562	8608374	0
76	4	52	203	391	-1	20	23731590144	7607	23731591559	8608404	0
76	4	113	183	390	-1	86	23731598336	7611	23731591558	8615638	0
76	4	112	290	614	-1	90	23731598336	7611	23731598950	8615642	0
76	4	113	290	610	-1	80	23731598336	7611	23731598946	8615632	0
76	4	112	291	620	-1	102	23731598336	7611	23731598956	8615654	0
76	4	59	291	606	-1	35	23731606528	7615	23731598942	8623651	0
76	4	59	315	501	-1	51	23731606528	7615	23731607029	8623667	0
76	4	59	313	502	-1	55	23731606528	7615	23731607030	8623799	0
76	4	41	314	501	-1	97	23731624960	7624	23731607029	8642529	0
76	4	41	135	863	-1	118	23731624960	7624	23731625823	8642550	0
76	4	86	136	859	-1	91	23731627008	7625	23731625819	8643803	0
76	4	36	356	180	-1	125	23731627008	7625	23731627188	8643837	0
76	4	86	147	183	-1	7	23731627008	7625	23731627191	8643847	0
76	4	36	121	179	-1	3	23731627008	7625	23731627187	8643843	0
76	4	86	145	186	-1	4	23731627008	7625	23731627194	8643972	0
76	4	36	119	187	-1	17	23731627008	7625	23731627195	8643985	0
76	4	86	146	179	-1	79	23731627008	7625	23731627187	8644047	0
75	1	7	277	455	-1	123	23731637248	7630	23731501511	8655099	0
76	1	7	56	245	-1	46	23731637248	7630	23731638517	8655150	0
77	1	7	305	244	-1	52	23731637248	7630	23731638516	8655284	0
76	4	70	120	179	-1	58	23731667968	7645	23731627187	8685114	0
77	4	70	0	558	-1	95	23731667968	7645	23731668526	8685279	0
77	4	74	1	551	-1	39	23731686400	7654	23731668519	8703271	0
77	4	74	192	249	-1	43	23731686400	7654	23731686649	8703403	0
77	4	74	194	245	-1	74	23731686400	7654	23731686645	8703434	0
78	4	63	169	634	-1	107	23737320448	10405	23737321082	14337771	0
78	4	63	170	630	-1	120	23737320448	10405	23737321078	14337784	0
78	4	62	171	626	-1	126	23737320448	10405	23737321074	14337790	0
78	3	10	154	65	-1	90	23737365504	10427	23737365569	14382298	0
78	3	10	155	65	-1	96	23737365504	10427	23737365569	14382304	0
78	3	58	81	530	-1	72	23737525248	10505	23737525778	14542536	0
78	4	39	329	576	-1	83	23737547776	10516	23737549376	14566099	0
78	4	39	328	575	-1	127	23737547776	10516	23737549375	14566143	0
78	4	26	293	861	-1	95	23737611264	10547	23737611101	14627807	0
78	4	26	294	859	-1	105	23737611264	10547	23737611099	14627817	0
78	4	53	261	1012	-1	29	23737621504	10552	23737621492	14638109	0
78	4	43	266	1014	-1	35	23737621504	10552	23737621494	14638115	0
78	4	53	259	1013	-1	42	23737621504	10552	23737621493	14638250	0
78	4	43	267	1010	-1	47	23737621504	10552	23737621490	14638255	0
78	4	53	260	1011	-1	70	23737621504	10552	23737621491	14638278	0
78	4	31	275	961	-1	55	23737627648	10555	23737627585	14644407	0
78	4	44	142	489	-1	31	23737637888	10560	23737639401	14656031	0
78	4	44	143	472	-1	42	23737637888	10560	23737639384	14656042	0
78	4	44	144	471	-1	79	23737637888	10560	23737639383	14656207	0
77	1	67	304	244	-1	92	23737664512	10573	23731638516	14682076	0
78	1	67	303	890	-1	99	23737664512	10573	23737665402	14682083	0
78	4	43	213	897	-1	102	23737674752	10578	23737674625	14691302	0
78	4	29	215	896	-1	109	23737674752	10578	23737674624	14691309	0
78	4	43	214	893	-1	123	23737674752	10578	23737674621	14691323	0
78	4	29	216	892	-1	23	23737674752	10578	23737674620	14691351	0
78	4	77	315	760	-1	125	23737689088	10585	23737690872	14707453	0
78	4	77	316	760	-1	125	23737689088	10585	23737690872	14707453	0
78	4	77	66	764	-1	48	23737689088	10585	23737690876	14707504	0
78	4	77	67	759	-1	74	23737689088	10585	23737690871	14707658	0
78	4	77	68	759	-1	89	23737691136	10586	23737690871	14707673	0
78	4	48	97	764	-1	127	23737699328	10590	23737700092	14716671	0
78	4	48	343	764	-1	126	23737699328	10590	23737700092	14716670	0
78	4	48	344	763	-1	48	23737699328	10590	23737700091	14716720	0
78	4	48	346	763	-1	62	23737699328	10590	23737700091	14716862	0
78	4	48	345	763	-1	78	23737699328	10590	23737700091	14716878	0
78	4	48	347	768	-1	45	23737699328	10590	23737700096	14716845	0
78	4	16	84	634	-1	62	23737709568	10595	23737711226	14727870	0
78	4	16	75	634	-1	61	23737709568	10595	23737711226	14727869	0
78	4	16	321	634	-1	61	23737709568	10595	23737711226	14727869	0
78	4	16	324	633	-1	108	23737709568	10595	23737711225	14727916	0
78	4	16	323	632	-1	126	23737709568	10595	23737711224	14727934	0
78	4	16	325	634	-1	103	23737709568	10595	23737711226	14728039	0
79	4	16	326	642	-1	38	23737709568	10595	23737711234	14728102	0
79	4	16	322	632	-1	103	23737709568	10595	23737711224	14728039	0
79	4	16	327	642	-1	98	23737709568	10595	23737711234	14728162	0
79	4	16	328	641	-1	98	23737711616	10596	23737711233	14728162	0
79	4	16	329	641	-1	95	23737711616	10596	23737711233	14728159	0
79	4	16	330	635	-1	121	23737711616	10596	23737711227	14728185	0
79	4	16	331	633	-1	126	23737711616	10596	23737711225	14728190	0
79	4	16	332	633	-1	100	23737711616	10596	23737711225	14728292	0
79	4	26	333	633	-1	52	23737728000	10604	23737711225	14745140	0
79	4	88	345	375	-1	116	23737742336	10611	23737728375	14759412	0
79	4	88	327	420	-1	127	23737742336	10611	23737742756	14759423	0
79	4	87	321	425	-1	118	23737742336	10611	23737742761	14759414	0
79	4	88	321	418	-1	11	23737742336	10611	23737742754	14759435	0
79	4	88	323	422	-1	25	23737742336	10611	23737742758	14759449	0
79	4	88	322	417	-1	58	23737742336	10611	23737742753	14759610	0
79	4	87	328	415	-1	100	23737742336	10611	23737742751	14759652	0
79	4	6	322	415	-1	7	23737750528	10615	23737742751	14767623	0
79	2	84	290	852	-1	45	23737793536	10636	23737795412	14811949	0
79	2	84	291	852	-1	45	23737793536	10636	23737795412	14812077	0
79	2	84	44	854	-1	72	23737793536	10636	23737795414	14812104	0
79	2	84	43	851	-1	79	23737795584	10637	23737795411	14812111	0
79	2	84	42	852	-1	83	23737795584	10637	23737795412	14812115	0
79	2	84	41	855	-1	79	23737795584	10637	23737795415	14812111	0
79	2	84	40	872	-1	81	23737795584	10637	23737795432	14812241	0
78	1	66	302	889	-1	37	23737811968	10645	23737665401	14829861	0
79	1	66	325	277	-1	43	23737811968	10645	23737813269	14829867	0
79	4	98	290	310	-1	99	23737824256	10651	23737750838	14841571	0
79	4	95	201	573	-1	97	23737824256	10651	23737824829	14841569	0
79	4	95	198	573	-1	107	23737824256	10651	23737824829	14841579	0
79	4	55	199	573	-1	24	23737830400	10654	23737824829	14848024	0
79	4	55	319	48	-1	24	23737830400	10654	23737831472	14848152	0
79	4	55	322	48	-1	79	23737830400	10654	23737831472	14848207	0
79	4	55	320	46	-1	74	23737830400	10654	23737831470	14848202	0
79	4	44	321	46	-1	127	23737832448	10655	23737831470	14849535	0
79	4	44	190	393	-1	14	23737832448	10655	23737832841	14849550	0
79	4	44	188	391	-1	77	23737832448	10655	23737832839	14849741	0
79	1	119	324	274	-1	34	23737863168	10670	23737813266	14881314	0
79	1	119	33	487	-1	77	23737863168	10670	23737864679	14881485	0
79	2	42	286	78	-1	39	23737865216	10671	23737866318	14882855	0
79	3	75	366	76	-1	38	23737865216	10671	23737866316	14882854	0
79	2	42	287	78	-1	39	23737865216	10671	23737866318	14882983	0
80	3	77	362	78	-1	74	23737865216	10671	23737866318	14883018	0
80	2	42	39	77	-1	71	23737865216	10671	23737866317	14883015	0
80	3	78	370	80	-1	74	23737865216	10671	23737866320	14883018	0
80	3	77	363	76	-1	89	23737865216	10671	23737866316	14883033	0
80	3	75	371	76	-1	83	23737865216	10671	23737866316	14883027	0
80	2	42	38	76	-1	82	23737865216	10671	23737866316	14883026	0
80	3	78	364	76	-1	68	23737865216	10671	23737866316	14883012	0
80	3	75	364	78	-1	96	23737865216	10671	23737866318	14883040	0
79	1	4	34	483	-1	14	23737871360	10674	23737864675	14888974	0
80	1	4	310	28	-1	14	23737871360	10674	23737872412	14888974	0
80	1	4	313	27	-1	51	23737871360	10674	23737872411	14889011	0
80	1	4	312	27	-1	58	23737871360	10674	23737872411	14889146	0
79	4	89	189	389	-1	16	23737877504	10677	23737832837	14895120	0
80	4	88	136	972	-1	11	23737877504	10677	23737878476	14895115	0
80	4	89	138	963	-1	27	23737877504	10677	23737878467	14895131	0
80	4	88	137	963	-1	52	23737877504	10677	23737878467	14895284	0
80	4	20	137	962	-1	22	23737877504	10677	23737878466	14895638	0
80	4	0	18	446	-1	98	23737906176	10691	23737878974	14922978	0
80	4	0	138	115	-1	108	23737906176	10691	23737906291	14922988	0
80	4	0	137	107	-1	106	23737906176	10691	23737906283	14922986	0
80	4	38	136	111	-1	48	23737912320	10694	23737906287	14930736	0
80	4	38	74	793	-1	70	23737912320	10694	23737914137	14930886	0
80	4	128	75	789	-1	78	23737918464	10697	23737914133	14935246	0
80	4	128	156	45	-1	86	23737918464	10697	23737918509	14935254	0
80	4	98	155	45	-1	30	23737918464	10697	23737918509	14936350	0
80	4	99	299	312	-1	73	23737918464	10697	23737919800	14936521	0
80	4	98	49	317	-1	67	23737918464	10697	23737919805	14936515	0
80	4	99	52	311	-1	71	23737918464	10697	23737919799	14936519	0
80	4	98	48	322	-1	75	23737918464	10697	23737919810	14936523	0
80	4	98	50	311	-1	110	23737918464	10697	23737919799	14936558	0
80	4	16	51	310	-1	85	23737920512	10698	23737919798	14938325	0
80	4	16	13	100	-1	98	23737920512	10698	23737921636	14938338	0
80	4	16	12	98	-1	84	23737920512	10698	23737921634	14938324	0
80	4	97	11	103	-1	117	23737930752	10703	23737921639	14948597	0
80	4	97	166	157	-1	40	23737930752	10703	23737931933	14948648	0
80	4	47	165	132	-1	63	23737934848	10705	23737931908	14952127	0
80	4	47	152	549	-1	124	23737934848	10705	23737935397	14952188	0
80	4	66	153	538	-1	103	23737945088	10710	23737935386	14962919	0
80	4	53	132	95	-1	77	23737947136	10711	23737946207	14964941	0
80	4	53	302	82	-1	84	23737947136	10711	23737948242	14964948	0
80	4	53	300	90	-1	23	23737947136	10711	23737948250	14965015	0
81	4	130	239	593	-1	83	23737951232	10713	23737952849	14969555	0
81	4	131	239	592	-1	104	23737951232	10713	23737952848	14969576	0
81	4	118	203	426	-1	118	23737953280	10714	23737954730	14971382	0
81	4	118	205	420	-1	0	23737953280	10714	23737954724	14971392	0
81	4	118	204	419	-1	64	23737953280	10714	23737954723	14971584	0
81	4	17	282	816	-1	25	23737957376	10716	23737959216	14975769	0
81	4	17	280	816	-1	74	23737957376	10716	23737959216	14975946	0
81	4	17	281	815	-1	3	23737959424	10717	23737959215	14976003	0
80	3	4	365	76	-1	40	23737959424	10717	23737866316	14976808	0
81	3	4	23	773	-1	62	23737959424	10717	23737960197	14976958	0
81	4	74	235	770	-1	67	23737959424	10717	23737960194	14976963	0
81	4	74	236	768	-1	87	23737959424	10717	23737960192	14976983	0
81	4	42	192	73	-1	78	23737959424	10717	23737960521	14977230	0
81	3	131	24	767	-1	76	23737959424	10717	23737960191	14977228	0
81	4	42	193	57	-1	92	23737959424	10717	23737960505	14977244	0
81	3	131	3	58	-1	88	23737959424	10717	23737960506	14977240	0
81	4	42	194	57	-1	87	23737959424	10717	23737960505	14977239	0
81	3	53	4	55	-1	72	23737963520	10719	23737960503	14980808	0
81	3	53	51	657	-1	72	23737963520	10719	23737964177	14980808	0
81	3	53	50	657	-1	104	23737963520	10719	23737964177	14980840	0
81	3	53	296	663	-1	105	23737963520	10719	23737964183	14980841	0
81	3	53	297	657	-1	109	23737963520	10719	23737964177	14980845	0
81	3	53	298	656	-1	109	23737963520	10719	23737964176	14980973	0
81	3	53	299	656	-1	118	23737963520	10719	23737964176	14980982	0
81	4	114	317	108	-1	86	23737975808	10725	23737975916	14992598	0
81	4	107	205	97	-1	81	23737975808	10725	23737975905	14992593	0
81	4	115	319	97	-1	91	23737975808	10725	23737975905	14992603	0
81	4	114	318	99	-1	94	23737975808	10725	23737975907	14992606	0
81	4	107	206	94	-1	82	23737975808	10725	23737975902	14992594	0
81	4	115	317	90	-1	120	23737975808	10725	23737975898	14992632	0
81	4	114	319	94	-1	109	23737975808	10725	23737975902	14992621	0
81	4	106	205	91	-1	104	23737975808	10725	23737975899	14992616	0
81	4	115	318	90	-1	126	23737975808	10725	23737975898	14992638	0
81	4	114	320	88	-1	111	23737975808	10725	23737975896	14992751	0
81	4	106	206	88	-1	11	23737975808	10725	23737975896	14992651	0
80	1	28	311	27	-1	102	23737994240	10734	23737872411	15011814	0
81	1	28	243	917	-1	120	23737994240	10734	23737995157	15011832	0
81	4	56	296	353	-1	93	23737996288	10735	23737996641	15013341	0
81	4	28	225	356	-1	86	23737996288	10735	23737996644	15013334	0
81	4	56	294	354	-1	101	23737996288	10735	23737996642	15013349	0
81	4	56	295	353	-1	105	23737996288	10735	23737996641	15013353	0
81	4	28	226	352	-1	112	23737996288	10735	23737996640	15013360	0
82	1	55	258	502	-1	28	23737996288	10735	23737997814	15014428	0
82	1	55	260	501	-1	39	23737996288	10735	23737997813	15014439	0
82	1	59	259	501	-1	28	23738006528	10740	23737997813	15023132	0
82	4	38	94	460	-1	30	23738020864	10747	23738022348	15039006	0
82	4	38	95	458	-1	35	23738020864	10747	23738022346	15039011	0
82	4	39	127	844	-1	80	23738037248	10755	23738038092	15054800	0
82	4	39	125	846	-1	74	23738037248	10755	23738038094	15054794	0
82	4	39	126	842	-1	99	23738037248	10755	23738038090	15054819	0
82	4	33	201	184	-1	12	23738041344	10757	23738041528	15058188	0
82	4	33	200	183	-1	25	23738041344	10757	23738041527	15058201	0
80	2	42	37	80	-1	72	23738043392	10758	23737866320	14883016	0
82	2	57	57	957	-1	95	23738043392	10758	23738043325	15059935	0
82	2	57	56	956	-1	95	23738043392	10758	23738043324	15059935	0
82	2	57	55	956	-1	96	23738043392	10758	23738043324	15059936	0
82	2	56	243	958	-1	118	23738043392	10758	23738043326	15059958	0
82	2	57	54	956	-1	95	23738043392	10758	23738043324	15060063	0
82	2	56	244	957	-1	126	23738043392	10758	23738043325	15059966	0
82	2	57	237	964	-1	2	23738043392	10758	23738043332	15060098	0
82	2	57	238	961	-1	3	23738043392	10758	23738043329	15060099	0
82	2	57	239	956	-1	27	23738043392	10758	23738043324	15060123	0
82	2	57	240	955	-1	68	23738043392	10758	23738043323	15060164	0
82	2	57	241	956	-1	8	23738043392	10758	23738043324	15060232	0
82	2	57	242	956	-1	126	23738043392	10758	23738043324	15060222	0
82	2	57	243	956	-1	127	23738074112	10773	23738043324	15060223	0
82	2	23	10	301	-1	23	23738074112	10773	23738075437	15091991	0
82	2	17	5	301	-1	23	23738074112	10773	23738075437	15091991	0
82	2	23	189	300	-1	53	23738074112	10773	23738075436	15092021	0
82	2	23	188	300	-1	71	23738074112	10773	23738075436	15092167	0
82	2	17	194	300	-1	65	23738074112	10773	23738075436	15092161	0
82	1	94	220	942	-1	119	23738084352	10778	23738006446	15101687	0
82	1	94	173	656	-1	115	23738084352	10778	23738085008	15101683	0
82	1	10	172	658	-1	96	23738090496	10781	23738085010	15108576	0
82	1	10	292	442	-1	94	23738090496	10781	23738091962	15108574	0
82	1	10	295	442	-1	1	23738090496	10781	23738091962	15108609	0
82	1	10	293	441	-1	126	23738090496	10781	23738091961	15108606	0
82	4	47	329	158	-1	2	23738096640	10784	23738097822	15114498	0
82	4	47	330	157	-1	47	23738096640	10784	23738097821	15114671	0
82	1	17	294	441	-1	93	23738127360	10799	23738091961	15145437	0
82	1	3	242	379	-1	97	23738127360	10799	23738128763	15145441	0
82	1	17	263	380	-1	110	23738127360	10799	23738128764	15145454	0
82	1	3	241	377	-1	119	23738127360	10799	23738128761	15145463	0
83	4	54	234	567	-1	67	23738158080	10814	23738158647	15175363	0
83	4	55	235	573	-1	74	23738158080	10814	23738158653	15175370	0
83	4	54	233	568	-1	78	23738158080	10814	23738158648	15175374	0
83	4	54	232	572	-1	83	23738158080	10814	23738158652	15175379	0
83	4	55	236	567	-1	14	23738158080	10814	23738158647	15175438	0
83	4	69	329	570	-1	30	23738172416	10821	23738172986	15189534	0
83	4	69	330	570	-1	30	23738172416	10821	23738172986	15189534	0
83	4	69	82	569	-1	70	23738172416	10821	23738172985	15189702	0
83	4	69	81	569	-1	84	23738172416	10821	23738172985	15189716	0
81	3	112	300	656	-1	46	23738182656	10826	23737964176	15201070	0
83	3	112	255	790	-1	44	23738182656	10826	23738184470	15201196	0
84	4	59	38	92	-1	47	23743781888	13560	23743781980	4021295	0
84	4	59	37	92	-1	48	23743781888	13560	23743781980	4021424	0
84	4	59	36	92	-1	47	23743781888	13560	23743781980	4021423	0
84	4	58	283	95	-1	82	23743781888	13560	23743781983	4021458	0
84	4	60	286	93	-1	101	23743781888	13560	23743781981	4021477	0
84	4	59	35	93	-1	47	23743781888	13560	23743781981	4021423	0
84	4	59	282	93	-1	47	23743781888	13560	23743781981	4021551	0
84	4	59	283	92	-1	13	23743781888	13560	23743781980	4021517	0
84	4	59	284	91	-1	9	23743781888	13560	23743781979	4021641	0
84	4	58	284	92	-1	32	23743781888	13560	23743781980	4021536	0
84	4	59	285	92	-1	124	23743781888	13560	23743781980	4021628	0
84	4	59	286	92	-1	59	23743781888	13560	23743781980	4021691	0
84	4	59	287	92	-1	99	23743781888	13560	23743781980	4021731	0
84	4	1	255	722	-1	25	23743790080	13564	23743791826	4031257	0
84	4	1	256	721	-1	31	23743790080	13564	23743791825	4031263	0
84	4	123	262	557	-1	23	23743792128	13565	23743792685	4032023	0
84	4	124	262	559	-1	56	23743792128	13565	23743792687	4032184	0
84	4	123	259	557	-1	71	23743792128	13565	23743792685	4032199	0
84	4	123	260	556	-1	1	23743792128	13565	23743792684	4032257	0
84	4	123	261	556	-1	23	23743792128	13565	23743792684	4032279	0
82	1	5	264	377	-1	46	23743872000	13604	23738128761	4111918	0
84	1	4	308	539	-1	45	23743872000	13604	23743872539	4111917	0
84	1	4	307	537	-1	40	23743872000	13604	23743872537	4112040	0
84	1	5	308	543	-1	75	23743872000	13604	23743872543	4112075	0
84	3	16	310	467	-1	12	23743884288	13610	23743885779	4125196	0
84	4	87	288	469	-1	24	23743884288	13610	23743885781	4125208	0
84	3	16	309	465	-1	25	23743884288	13610	23743885777	4125209	0
84	4	87	289	466	-1	31	23743884288	13610	23743885778	4125215	0
84	3	50	170	793	-1	61	23743902720	13619	23743903513	4143037	0
84	3	50	171	793	-1	109	23743902720	13619	23743903513	4143085	0
84	4	13	224	500	-1	68	23743982592	13658	23743983092	4222660	0
84	4	50	302	35	-1	54	23743990784	13662	23743991843	4231222	0
84	4	50	301	35	-1	83	23743990784	13662	23743991843	4231379	0
84	4	39	105	755	-1	31	23744025600	13679	23744026355	4265759	0
84	4	38	179	738	-1	28	23744025600	13679	23744026338	4265756	0
84	4	38	107	738	-1	31	23744025600	13679	23744026338	4265887	0
84	4	37	179	737	-1	48	23744025600	13679	23744026337	4265904	0
84	4	38	178	738	-1	59	23744025600	13679	23744026338	4265915	0
84	4	37	178	738	-1	58	23744025600	13679	23744026338	4265914	0
84	4	38	106	738	-1	71	23744025600	13679	23744026338	4265927	0
84	4	38	105	741	-1	38	23744025600	13679	23744026341	4266022	0
84	4	47	254	363	-1	99	23744080896	13706	23744082283	4321763	0
85	4	49	255	360	-1	110	23744089088	13710	23744082280	4328686	0
85	4	49	346	147	-1	115	23744089088	13710	23744089235	4328691	0
85	4	28	344	149	-1	118	23744089088	13710	23744089237	4328694	0
85	4	49	293	161	-1	10	23744089088	13710	23744089249	4328714	0
85	4	28	345	146	-1	119	23744089088	13710	23744089234	4328695	0
85	4	28	295	146	-1	47	23744089088	13710	23744089234	4328879	0
85	4	44	294	145	-1	34	23744101376	13716	23744089233	4340770	0
85	4	44	162	1002	-1	44	23744101376	13716	23744101354	4340908	0
85	4	44	163	996	-1	59	23744101376	13716	23744101348	4340923	0
85	4	44	164	992	-1	30	23744101376	13716	23744101344	4340894	0
85	3	11	296	371	-1	58	23744109568	13720	23744109939	4349242	0
85	3	9	331	370	-1	57	23744109568	13720	23744109938	4349369	0
85	3	11	299	371	-1	57	23744109568	13720	23744109939	4349369	0
85	3	11	297	370	-1	104	23744109568	13720	23744109938	4349416	0
85	3	9	329	370	-1	102	23744109568	13720	23744109938	4349414	0
85	3	11	298	370	-1	100	23744109568	13720	23744109938	4349412	0
85	3	9	330	369	-1	125	23744109568	13720	23744109937	4349437	0
85	4	29	161	1015	-1	6	23744117760	13724	23744101367	4358662	0
84	1	36	307	535	-1	24	23744117760	13724	23743872535	4358680	0
85	3	51	137	452	-1	28	23744117760	13724	23744119236	4358556	0
82	2	17	193	300	-1	79	23744117760	13724	23738075436	15092175	0
85	4	29	158	456	-1	44	23744117760	13724	23744119240	4358828	0
85	4	87	157	453	-1	117	23744166912	13748	23744119237	4406261	0
85	4	87	181	895	-1	3	23744166912	13748	23744166783	4406275	0
85	4	78	182	892	-1	81	23744166912	13748	23744166780	4406737	0
85	4	69	319	416	-1	80	23744166912	13748	23744167328	4406736	0
85	4	78	172	415	-1	81	23744166912	13748	23744167327	4406737	0
85	4	69	320	416	-1	81	23744166912	13748	23744167328	4406737	0
85	4	78	339	415	-1	120	23744166912	13748	23744167327	4406776	0
85	4	69	72	415	-1	81	23744166912	13748	23744167327	4406737	0
85	4	78	340	414	-1	5	23744166912	13748	23744167326	4406789	0
85	4	69	71	415	-1	81	23744166912	13748	23744167327	4406865	0
85	4	69	341	414	-1	25	23744166912	13748	23744167326	4406937	0
85	4	69	93	414	-1	36	23744166912	13748	23744167326	4406948	0
85	4	95	91	414	-1	61	23744166912	13748	23744167326	4406973	0
85	4	69	82	547	-1	62	23744166912	13748	23744167459	4406974	0
85	4	95	92	414	-1	61	23744166912	13748	23744167326	4406973	0
85	4	110	81	544	-1	40	23744185344	13757	23744167456	4425512	0
85	4	110	223	776	-1	48	23744185344	13757	23744186120	4425648	0
85	4	110	225	774	-1	58	23744185344	13757	23744186118	4425658	0
85	4	14	224	773	-1	6	23744207872	13768	23744186117	4448774	0
85	2	27	68	452	-1	45	23744216064	13772	23744119236	4358701	0
86	2	70	282	243	-1	124	23744216064	13772	23744217331	4456700	0
86	2	70	283	243	-1	123	23744216064	13772	23744217331	4456699	0
86	2	70	35	242	-1	40	23744216064	13772	23744217330	4456744	0
86	2	70	34	242	-1	49	23744216064	13772	23744217330	4456881	0
85	4	112	174	427	-1	21	23744238592	13783	23744209323	4479253	0
86	4	111	5	296	-1	21	23744238592	13783	23744239912	4479253	0
86	4	111	14	296	-1	63	23744238592	13783	23744239912	4479423	0
86	4	110	195	301	-1	73	23744238592	13783	23744239917	4479433	0
86	4	109	201	298	-1	74	23744238592	13783	23744239914	4479434	0
86	4	112	203	300	-1	77	23744238592	13783	23744239916	4479437	0
86	4	111	195	298	-1	74	23744238592	13783	23744239914	4479434	0
86	4	110	196	300	-1	69	23744238592	13783	23744239916	4479429	0
86	4	109	204	303	-1	82	23744238592	13783	23744239919	4479442	0
86	4	108	202	299	-1	88	23744238592	13783	23744239915	4479448	0
86	4	112	206	295	-1	104	23744238592	13783	23744239911	4479464	0
86	4	111	192	295	-1	67	23744238592	13783	23744239911	4479555	0
86	4	110	197	301	-1	99	23744238592	13783	23744239917	4479459	0
86	4	109	203	298	-1	64	23744238592	13783	23744239914	4479552	0
86	4	112	204	301	-1	110	23744238592	13783	23744239917	4479598	0
86	4	111	193	295	-1	79	23744238592	13783	23744239911	4479567	0
86	4	110	198	301	-1	126	23744238592	13783	23744239917	4479614	0
86	4	109	202	296	-1	70	23744238592	13783	23744239912	4479558	0
86	4	112	205	298	-1	93	23744238592	13783	23744239914	4479581	0
86	4	111	194	295	-1	13	23744238592	13783	23744239911	4479629	0
86	4	109	199	295	-1	102	23744238592	13783	23744239911	4479590	0
86	4	111	206	295	-1	124	23744238592	13783	23744239911	4479612	0
86	4	111	200	295	-1	93	23744238592	13783	23744239911	4479709	0
86	4	84	201	296	-1	105	23744252928	13790	23744239912	4493545	0
86	2	70	33	245	-1	37	23744269312	13798	23744217333	4456869	0
86	2	104	276	94	-1	47	23744269312	13798	23744269406	4508719	0
86	2	104	279	94	-1	47	23744269312	13798	23744269406	4508847	0
86	2	104	277	93	-1	84	23744269312	13798	23744269405	4508884	0
86	4	55	82	62	-1	57	23744269312	13798	23744254014	4510393	0
86	4	86	87	476	-1	31	23744273408	13800	23744270812	4513311	0
86	4	86	20	496	-1	59	23744273408	13800	23744273904	4513467	0
86	4	53	21	491	-1	6	23744293888	13810	23744273899	4533254	0
86	4	53	69	968	-1	36	23744293888	13810	23744293832	4533284	0
86	3	48	20	57	-1	29	23744297984	13812	23744298041	4537373	0
86	3	47	25	58	-1	29	23744297984	13812	23744298042	4537245	0
86	3	50	260	61	-1	31	23744297984	13812	23744298045	4537503	0
87	3	49	267	58	-1	58	23744297984	13812	23744298042	4537530	0
87	3	47	23	58	-1	29	23744297984	13812	23744298042	4537501	0
87	3	46	273	59	-1	62	23744297984	13812	23744298043	4537534	0
87	3	51	260	60	-1	64	23744297984	13812	23744298044	4537408	0
87	3	50	98	57	-1	64	23744297984	13812	23744298041	4537536	0
87	3	49	264	57	-1	75	23744297984	13812	23744298041	4537547	0
87	3	48	267	57	-1	69	23744297984	13812	23744298041	4537541	0
87	3	47	270	58	-1	64	23744297984	13812	23744298042	4537536	0
87	3	46	274	56	-1	70	23744297984	13812	23744298040	4537542	0
87	3	51	259	56	-1	94	23744297984	13812	23744298040	4537566	0
87	3	50	97	56	-1	89	23744297984	13812	23744298040	4537561	0
87	3	49	265	56	-1	98	23744297984	13812	23744298040	4537570	0
87	3	48	268	56	-1	83	23744297984	13812	23744298040	4537683	0
87	3	47	271	57	-1	69	23744297984	13812	23744298041	4537669	0
87	3	50	261	60	-1	69	23744297984	13812	23744298044	4537669	0
87	3	49	266	56	-1	77	23744297984	13812	23744298040	4537677	0
87	3	48	269	56	-1	76	23744297984	13812	23744298040	4537676	0
87	3	47	272	57	-1	100	23744297984	13812	23744298041	4537700	0
87	3	50	262	60	-1	78	23744297984	13812	23744298044	4537678	0
87	3	47	273	57	-1	80	23744297984	13812	23744298041	4537680	0
87	3	50	263	61	-1	65	23744297984	13812	23744298045	4537793	0
87	3	47	274	58	-1	29	23744297984	13812	23744298042	4537757	0
85	1	57	328	452	-1	89	23744302080	13814	23744119236	4542169	0
87	1	117	85	690	-1	125	23744302080	13814	23744302770	4542205	0
87	1	57	133	692	-1	6	23744302080	13814	23744302772	4542214	0
87	1	117	165	688	-1	6	23744302080	13814	23744302768	4542214	0
87	1	115	132	688	-1	15	23744302080	13814	23744302768	4542223	0
87	1	117	133	688	-1	1	23744302080	13814	23744302768	4542337	0
87	1	57	131	688	-1	29	23744302080	13814	23744302768	4542365	0
87	1	116	164	688	-1	59	23744302080	13814	23744302768	4542395	0
86	4	87	70	958	-1	126	23744306176	13816	23744293822	4546558	0
87	4	86	3	930	-1	2	23744306176	13816	23744307106	4546562	0
87	1	107	133	687	-1	36	23744308224	13817	23744302767	4547876	0
87	1	107	330	327	-1	36	23744308224	13817	23744308551	4548004	0
87	1	107	331	326	-1	73	23744308224	13817	23744308550	4548041	0
87	1	107	81	334	-1	97	23744308224	13817	23744308558	4548065	0
87	1	107	83	325	-1	94	23744308224	13817	23744308549	4548062	0
87	3	1	220	786	-1	61	23744308224	13817	23744310034	4549565	0
87	4	57	3	930	-1	15	23744324608	13825	23744307106	4565007	0
87	4	57	70	29	-1	16	23744324608	13825	23744325661	4565008	0
87	4	57	69	29	-1	16	23744324608	13825	23744325661	4565136	0
87	4	57	68	29	-1	78	23744324608	13825	23744325661	4565198	0
88	4	57	148	28	-1	16	23744324608	13825	23744325660	4565264	0
88	4	57	150	28	-1	34	23744324608	13825	23744325660	4565282	0
86	2	104	278	93	-1	83	23744328704	13827	23744269405	4508883	0
88	2	60	304	319	-1	60	23744328704	13827	23744329023	4568508	0
88	4	55	149	28	-1	111	23744328704	13827	23744325660	4569839	0
88	4	55	277	665	-1	1	23744328704	13827	23744330393	4569857	0
88	4	54	278	660	-1	8	23744328704	13827	23744330388	4569864	0
88	4	29	278	660	-1	22	23744340992	13833	23744330388	4582166	0
88	4	50	110	735	-1	34	23744340992	13833	23744342751	4582178	0
88	4	29	112	717	-1	33	23744340992	13833	23744342733	4582177	0
88	4	50	112	716	-1	41	23744340992	13833	23744342732	4582313	0
88	4	29	111	718	-1	32	23744340992	13833	23744342734	4582304	0
88	3	104	310	825	-1	29	23744343040	13834	23744343865	4583197	0
88	3	104	306	836	-1	63	23744343040	13834	23744343876	4583359	0
88	3	104	307	825	-1	62	23744343040	13834	23744343865	4583358	0
88	3	104	308	824	-1	64	23744343040	13834	23744343864	4583360	0
88	3	104	309	824	-1	77	23744343040	13834	23744343864	4583373	0
87	1	30	82	326	-1	38	23744343040	13834	23744308550	4584230	0
88	4	4	111	717	-1	57	23744343040	13834	23744342733	4584249	0
88	1	30	54	787	-1	51	23744343040	13834	23744344851	4584371	0
88	4	4	91	781	-1	73	23744343040	13834	23744344845	4584393	0
88	4	93	92	778	-1	71	23744398336	13861	23744344842	4638663	0
88	3	105	89	391	-1	112	23744400384	13862	23744401799	4641264	0
88	3	105	88	393	-1	111	23744400384	13862	23744401801	4641263	0
88	4	73	371	810	-1	98	23744410624	13867	23744399146	4651234	0
88	4	73	253	194	-1	10	23744410624	13867	23744411842	4651274	0
88	4	73	13	193	-1	14	23744410624	13867	23744411841	4651278	0
88	4	73	12	193	-1	14	23744410624	13867	23744411841	4651406	0
88	4	37	11	197	-1	63	23744414720	13869	23744411845	4655807	0
88	4	37	120	554	-1	76	23744414720	13869	23744416298	4655820	0
88	4	35	121	550	-1	82	23744414720	13869	23744416294	4655826	0
88	4	35	151	550	-1	99	23744414720	13869	23744416294	4655843	0
88	1	47	53	778	-1	125	23744431104	13877	23744344842	4671229	0
88	1	61	151	700	-1	6	23744431104	13877	23744431804	4671238	0
88	1	47	278	712	-1	5	23744431104	13877	23744431816	4671237	0
88	1	43	149	703	-1	11	23744431104	13877	23744431807	4671243	0
88	1	61	143	698	-1	34	23744431104	13877	23744431802	4671266	0
88	1	43	277	699	-1	5	23744431104	13877	23744431803	4671365	0
88	1	47	142	709	-1	39	23744431104	13877	23744431813	4671399	0
88	4	81	152	550	-1	70	23744439296	13881	23744416294	4680646	0
88	4	32	135	833	-1	63	23744439296	13881	23744441153	4680639	0
88	4	32	267	826	-1	79	23744441344	13882	23744441146	4680655	0
89	4	79	268	820	-1	89	23744441344	13882	23744441140	4680665	0
89	4	32	139	820	-1	64	23744441344	13882	23744441140	4680640	0
89	4	81	269	825	-1	113	23744441344	13882	23744441145	4680689	0
89	4	23	137	820	-1	103	23744478208	13900	23744441140	4719335	0
89	4	23	52	623	-1	107	23744478208	13900	23744479855	4719339	0
89	3	116	87	836	-1	69	23744496640	13909	23744497476	4736965	0
89	3	116	86	831	-1	87	23744496640	13909	23744497471	4736983	0
89	3	100	330	573	-1	77	23744513024	13917	23744514621	4754125	0
89	4	118	51	622	-1	123	23744519168	13920	23744479854	4758523	0
89	4	119	52	937	-1	7	23744519168	13920	23744519081	4758535	0
89	4	118	52	933	-1	17	23744519168	13920	23744519077	4758545	0
89	4	119	51	934	-1	9	23744519168	13920	23744519078	4758665	0
89	4	118	51	933	-1	17	23744519168	13920	23744519077	4758673	0
89	4	16	50	937	-1	61	23744525312	13923	23744519081	4764861	0
89	4	87	363	960	-1	118	23744535552	13928	23744525248	4776438	0
89	4	87	35	396	-1	9	23744535552	13928	23744536972	4776457	0
89	4	84	36	392	-1	10	23744535552	13928	23744536968	4776458	0
89	4	18	139	393	-1	119	23744535552	13928	23744536969	4776695	0
89	4	68	95	588	-1	111	23744562176	13941	23744537164	4802287	0
89	4	67	210	733	-1	112	23744562176	13941	23744562909	4802288	0
89	4	57	274	733	-1	112	23744562176	13941	23744562909	4802288	0
89	4	68	320	734	-1	111	23744562176	13941	23744562910	4802287	0
89	4	67	271	733	-1	113	23744562176	13941	23744562909	4802289	0
89	4	66	275	734	-1	116	23744562176	13941	23744562910	4802292	0
89	4	57	280	743	-1	112	23744562176	13941	23744562919	4802288	0
89	4	68	321	733	-1	112	23744562176	13941	23744562909	4802416	0
89	4	67	272	732	-1	22	23744562176	13941	23744562908	4802326	0
89	4	57	29	736	-1	112	23744562176	13941	23744562912	4802416	0
89	4	68	322	733	-1	35	23744562176	13941	23744562909	4802467	0
89	4	67	24	732	-1	22	23744562176	13941	23744562908	4802454	0
89	4	66	28	734	-1	25	23744562176	13941	23744562910	4802457	0
89	4	65	33	742	-1	27	23744562176	13941	23744562918	4802459	0
89	4	57	37	760	-1	46	23744562176	13941	23744562936	4802478	0
89	4	68	74	732	-1	38	23744562176	13941	23744562908	4802470	0
89	4	67	23	732	-1	33	23744562176	13941	23744562908	4802465	0
89	4	66	27	733	-1	28	23744562176	13941	23744562909	4802460	0
89	4	65	32	739	-1	24	23744562176	13941	23744562915	4802456	0
89	4	57	36	753	-1	36	23744562176	13941	23744562929	4802468	0
89	4	68	72	733	-1	84	23744562176	13941	23744562909	4802516	0
89	4	67	25	732	-1	44	23744562176	13941	23744562908	4802604	0
89	4	66	26	732	-1	25	23744562176	13941	23744562908	4802585	0
90	4	65	35	751	-1	26	23744562176	13941	23744562927	4802586	0
90	4	57	73	732	-1	79	23744562176	13941	23744562908	4802639	0
90	4	68	273	732	-1	112	23744562176	13941	23744562908	4802672	0
90	4	67	25	737	-1	14	23744562176	13941	23744562913	4802574	0
90	4	66	30	741	-1	22	23744562176	13941	23744562917	4802582	0
88	1	77	150	698	-1	66	23744570368	13945	23744431802	4810178	0
90	1	77	286	327	-1	77	23744570368	13945	23744570695	4810189	0
90	1	77	287	318	-1	84	23744570368	13945	23744570686	4810196	0
90	1	77	288	314	-1	69	23744570368	13945	23744570682	4810181	0
88	2	60	305	316	-1	89	23744572416	13946	23744329020	4568537	0
90	4	67	276	736	-1	114	23744576512	13948	23744562912	4802674	0
90	4	2	133	493	-1	32	23744576512	13948	23744578029	4817440	0
90	4	2	134	491	-1	45	23744582656	13951	23744578027	4817453	0
90	4	8	264	529	-1	46	23744582656	13951	23744583185	4822702	0
90	4	8	265	527	-1	59	23744582656	13951	23744583183	4822715	0
90	4	8	266	527	-1	52	23744588800	13954	23744583183	4822708	0
90	4	127	114	360	-1	122	23744592896	13956	23744589160	4828666	0
90	4	37	357	924	-1	121	23744592896	13956	23744592796	4832249	0
90	1	49	289	317	-1	21	23744633856	13976	23744570685	4875029	0
90	1	27	64	809	-1	21	23744633856	13976	23744635689	4875029	0
90	1	49	74	808	-1	62	23744633856	13976	23744635688	4875070	0
90	1	49	144	808	-1	68	23744633856	13976	23744635688	4875204	0
90	1	49	142	814	-1	90	23744633856	13976	23744635694	4875226	0
90	1	27	143	808	-1	92	23744635904	13977	23744635688	4875228	0
90	1	27	154	807	-1	89	23744635904	13977	23744635687	4875225	0
90	2	110	310	609	-1	101	23744660480	13989	23744573025	4812517	0
90	2	88	131	242	-1	121	23744660480	13989	23744661746	4901113	0
90	2	87	134	243	-1	122	23744660480	13989	23744661747	4901114	0
90	2	88	130	241	-1	121	23744660480	13989	23744661745	4901113	0
90	2	87	133	242	-1	122	23744660480	13989	23744661746	4901114	0
90	2	88	113	244	-1	29	23744660480	13989	23744661748	4901149	0
90	2	87	116	247	-1	30	23744660480	13989	23744661751	4901150	0
90	2	88	112	241	-1	34	23744660480	13989	23744661745	4901282	0
90	2	87	115	242	-1	38	23744660480	13989	23744661746	4901286	0
90	2	88	111	240	-1	29	23744660480	13989	23744661744	4901277	0
90	2	87	114	241	-1	38	23744660480	13989	23744661745	4901286	0
90	2	88	110	240	-1	26	23744660480	13989	23744661744	4901274	0
90	2	87	113	241	-1	29	23744660480	13989	23744661745	4901277	0
90	2	88	364	241	-1	123	23744660480	13989	23744661745	4901371	0
90	2	87	112	242	-1	121	23744660480	13989	23744661746	4901369	0
90	2	88	365	241	-1	123	23744660480	13989	23744661745	4901371	0
91	2	87	366	241	-1	122	23744660480	13989	23744661745	4901370	0
91	2	87	362	242	-1	123	23744660480	13989	23744661746	4901499	0
90	4	37	358	921	-1	34	23750071296	16631	23744592793	4832290	0
92	4	29	59	47	-1	74	23750071296	16631	23750072367	10311882	0
92	4	28	98	45	-1	74	23750071296	16631	23750072365	10311882	0
92	4	28	96	49	-1	74	23750071296	16631	23750072369	10311882	0
92	4	29	60	45	-1	95	23750071296	16631	23750072365	10311903	0
92	4	28	97	44	-1	115	23750151168	16670	23750072364	10311923	0
92	4	39	333	424	-1	84	23750151168	16670	23750151592	10390996	0
92	4	39	334	422	-1	8	23750151168	16670	23750151590	10391048	0
92	3	52	153	147	-1	115	23750155264	16672	23750156435	10395891	0
92	3	52	152	147	-1	114	23750155264	16672	23750156435	10395890	0
92	4	39	335	423	-1	2	23750192128	16690	23750151591	10391042	0
92	4	31	363	325	-1	91	23750231040	16709	23750192453	10431963	0
92	4	55	322	675	-1	119	23750231040	16709	23750232739	10472183	0
92	3	54	238	122	-1	97	23750233088	16710	23750234234	10473697	0
92	3	54	239	102	-1	17	23750233088	16710	23750234214	10473745	0
92	4	55	323	666	-1	53	23750292480	16739	23750232730	10472373	0
92	4	73	344	923	-1	116	23750292480	16739	23750293403	10532852	0
92	3	22	52	305	-1	83	23750300672	16743	23750300977	10540499	0
92	4	73	345	927	-1	110	23750300672	16743	23750293407	10532846	0
92	4	4	246	308	-1	80	23750300672	16743	23750300980	10540496	0
92	4	4	247	307	-1	92	23750306816	16746	23750300979	10540508	0
92	4	32	164	648	-1	126	23750306816	16746	23750307464	10546942	0
92	4	32	165	647	-1	16	23750333440	16759	23750307463	10546960	0
92	4	117	63	77	-1	73	23750333440	16759	23750334541	10574025	0
92	2	117	98	408	-1	76	23750335488	16760	23750336920	10576332	0
92	2	101	150	406	-1	110	23750335488	16760	23750336918	10576366	0
92	2	117	178	407	-1	114	23750335488	16760	23750336919	10576370	0
92	2	101	149	406	-1	112	23750335488	16760	23750336918	10576368	0
92	2	117	177	407	-1	112	23750335488	16760	23750336919	10576368	0
92	2	101	148	416	-1	107	23750335488	16760	23750336928	10576491	0
92	2	16	358	722	-1	8	23750374400	16779	23750376146	10615560	0
92	2	16	359	717	-1	26	23750374400	16779	23750376141	10615578	0
92	3	114	81	426	-1	116	23750401024	16792	23750402474	10641908	0
92	3	114	82	423	-1	0	23750401024	16792	23750402471	10641920	0
92	4	117	62	72	-1	125	23750401024	16792	23750334536	10574077	0
92	4	66	371	425	-1	26	23750401024	16792	23750402473	10641946	0
92	3	0	190	839	-1	89	23750413312	16798	23750414151	10653657	0
92	4	93	21	501	-1	66	23750413312	16798	23750402549	10642114	0
92	4	30	310	286	-1	16	23750413312	16798	23750414622	10653968	0
92	4	30	60	287	-1	90	23750413312	16798	23750414623	10654170	0
92	4	30	62	285	-1	100	23750413312	16798	23750414621	10654180	0
92	4	30	61	285	-1	106	23750435840	16809	23750414621	10654186	0
93	2	42	26	672	-1	110	23750437888	16810	23750439584	10679022	0
93	2	42	272	675	-1	119	23750437888	16810	23750439587	10679031	0
90	1	61	153	807	-1	124	23750437888	16810	23744635687	10679036	0
93	2	42	271	678	-1	118	23750437888	16810	23750439590	10679030	0
93	1	61	299	673	-1	30	23750437888	16810	23750439585	10679070	0
93	2	42	273	672	-1	114	23750437888	16810	23750439584	10679154	0
93	2	42	274	671	-1	105	23750437888	16810	23750439583	10679145	0
93	1	20	300	672	-1	20	23750454272	16818	23750439584	10695188	0
93	1	20	163	466	-1	49	23750454272	16818	23750455762	10695217	0
93	1	101	164	461	-1	121	23750456320	16819	23750455757	10696441	0
93	1	101	246	691	-1	48	23750456320	16819	23750457011	10696496	0
92	4	46	143	979	-1	38	23750476800	16829	23750435795	10675238	0
93	4	29	192	104	-1	87	23750476800	16829	23750477928	10717399	0
93	4	29	193	102	-1	92	23750476800	16829	23750477926	10717404	0
93	4	28	193	87	-1	91	23750476800	16829	23750477911	10717403	0
93	3	26	32	479	-1	40	23750501376	16841	23750501855	10741288	0
93	4	28	194	84	-1	36	23750505472	16843	23750477908	10717476	0
93	2	91	275	672	-1	14	23750517760	16849	23750439584	10757646	0
93	2	90	241	464	-1	7	23750517760	16849	23750518224	10757639	0
93	2	91	241	467	-1	15	23750517760	16849	23750518227	10757775	0
93	2	90	242	464	-1	21	23750517760	16849	23750518224	10757781	0
93	2	91	242	466	-1	9	23750517760	16849	23750518226	10757769	0
93	4	92	206	243	-1	62	23750519808	16850	23750506739	10746302	0
93	4	43	189	889	-1	108	23750519808	16850	23750519673	10759148	0
93	4	42	187	889	-1	101	23750519808	16850	23750519673	10759141	0
93	4	43	190	886	-1	120	23750519808	16850	23750519670	10759160	0
93	4	42	188	886	-1	119	23750571008	16875	23750519670	10759159	0
93	4	15	251	986	-1	21	23750571008	16875	23750570970	10810389	0
93	3	91	360	465	-1	6	23750575104	16877	23750576593	10816006	0
93	4	15	252	979	-1	38	23750575104	16877	23750570963	10810406	0
93	3	91	359	459	-1	16	23750575104	16877	23750576587	10816016	0
93	4	106	322	467	-1	17	23750575104	16877	23750576595	10816017	0
93	4	106	320	466	-1	25	23750575104	16877	23750576594	10816025	0
93	4	106	321	460	-1	82	23750585344	16882	23750576588	10816210	0
93	4	31	128	270	-1	55	23750585344	16882	23750585614	10825143	0
93	4	31	127	270	-1	77	23750603776	16891	23750585614	10825165	0
93	4	32	340	82	-1	43	23750603776	16891	23750603858	10843179	0
93	4	32	341	82	-1	42	23750603776	16891	23750603858	10843306	0
93	4	32	91	82	-1	86	23750603776	16891	23750603858	10843350	0
93	4	32	93	81	-1	96	23750603776	16891	23750603857	10843360	0
93	3	80	159	602	-1	114	23750605824	16892	23750607450	10846962	0
93	4	32	92	81	-1	92	23750614016	16896	23750603857	10843356	0
94	4	9	162	302	-1	103	23750614016	16896	23750615342	10854887	0
93	2	31	243	478	-1	119	23750618112	16898	23750518238	10859255	0
94	4	29	323	62	-1	60	23750626304	16902	23750626366	10865852	0
94	4	29	324	69	-1	62	23750626304	16902	23750626373	10865854	0
94	4	61	306	604	-1	85	23750640640	16909	23750641244	10880725	0
94	4	61	304	608	-1	93	23750640640	16909	23750641248	10880733	0
94	4	11	183	602	-1	97	23750640640	16909	23750641242	10880737	0
94	4	61	305	603	-1	104	23750640640	16909	23750641243	10880744	0
94	4	11	182	603	-1	96	23750640640	16909	23750641243	10880736	0
94	4	11	181	607	-1	90	23750640640	16909	23750641247	10880858	0
94	4	21	355	400	-1	73	23750640640	16909	23750642064	10881481	0
94	4	21	356	400	-1	73	23750640640	16909	23750642064	10881481	0
94	4	21	120	399	-1	119	23750640640	16909	23750642063	10881527	0
94	4	19	117	400	-1	119	23750640640	16909	23750642064	10881527	0
94	4	21	121	399	-1	2	23750640640	16909	23750642063	10881538	0
94	4	19	118	399	-1	2	23750640640	16909	23750642063	10881538	0
94	2	15	301	659	-1	56	23750648832	16913	23750619795	10888376	0
94	2	16	367	69	-1	81	23750648832	16913	23750648901	10888401	0
94	4	68	338	886	-1	123	23750654976	16916	23750654838	10894331	0
94	4	83	129	33	-1	81	23750677504	16927	23750677537	10917073	0
94	4	83	130	31	-1	110	23750677504	16927	23750677535	10917102	0
94	4	110	128	645	-1	68	23750702080	16939	23750703749	10943172	0
94	4	110	127	645	-1	68	23750702080	16939	23750703749	10943172	0
94	4	110	108	644	-1	105	23750702080	16939	23750703748	10943209	0
94	4	110	110	644	-1	109	23750702080	16939	23750703748	10943213	0
94	4	110	109	644	-1	106	23750702080	16939	23750703748	10943210	0
94	4	110	107	645	-1	98	23750702080	16939	23750703749	10943330	0
94	4	110	366	645	-1	68	23750702080	16939	23750703749	10943300	0
94	4	110	367	645	-1	69	23750702080	16939	23750703749	10943301	0
94	4	110	368	645	-1	69	23750702080	16939	23750703749	10943429	0
94	4	110	369	646	-1	68	23750704128	16940	23750703750	10943428	0
94	2	53	367	67	-1	21	23750704128	16940	23750648899	10944533	0
94	2	53	90	42	-1	21	23750704128	16940	23750705194	10944661	0
94	2	53	337	42	-1	58	23750704128	16940	23750705194	10944698	0
94	2	53	338	41	-1	68	23750704128	16940	23750705193	10944708	0
94	2	48	339	41	-1	61	23750704128	16940	23750705193	10944701	0
94	2	53	338	41	-1	56	23750704128	16940	23750705193	10944696	0
94	2	51	340	43	-1	81	23750704128	16940	23750705195	10944721	0
94	2	50	338	40	-1	89	23750704128	16940	23750705192	10944729	0
94	2	49	338	41	-1	92	23750704128	16940	23750705193	10944732	0
94	2	52	338	41	-1	94	23750704128	16940	23750705193	10944734	0
94	2	15	338	41	-1	113	23750708224	16942	23750705193	10947569	0
95	2	15	247	923	-1	117	23750708224	16942	23750708123	10947573	0
95	4	4	307	173	-1	13	23750708224	16942	23750708397	10947853	0
95	4	4	308	173	-1	23	23750708224	16942	23750708397	10947863	0
93	1	111	245	687	-1	36	23750714368	16945	23750457007	10955556	0
95	1	111	263	781	-1	73	23750714368	16945	23750716173	10955721	0
95	4	0	308	694	-1	92	23750716416	16946	23750717110	10956508	0
95	4	0	305	702	-1	6	23750716416	16946	23750717118	10956550	0
95	4	0	306	694	-1	17	23750716416	16946	23750717110	10956561	0
95	4	0	307	693	-1	8	23750716416	16946	23750717109	10956680	0
95	4	31	33	329	-1	89	23750732800	16954	23750733129	10972633	0
95	4	31	34	326	-1	102	23750732800	16954	23750733126	10972646	0
95	4	72	29	571	-1	68	23750736896	16956	23750737467	10976964	0
95	4	72	27	577	-1	70	23750736896	16956	23750737473	10976966	0
95	4	72	28	566	-1	5	23750736896	16956	23750737462	10977029	0
95	1	128	262	779	-1	44	23750749184	16962	23750716171	10989868	0
95	1	110	231	269	-1	48	23750749184	16962	23750750477	10990000	0
95	1	128	241	266	-1	59	23750749184	16962	23750750474	10990011	0
95	1	110	232	263	-1	85	23750749184	16962	23750750471	10990037	0
